symbol,date,open,high,low,close,adjusted Close,volume
GC=F,"Dec 03, 2021","1,769.40","1,779.90","1,766.00","1,770.90","1,770.90","112,673"
GC=F,"Dec 02, 2021","1,780.90","1,780.90","1,760.60","1,760.70","1,760.70","1,128"
GC=F,"Dec 01, 2021","1,774.80","1,790.50","1,772.30","1,781.60","1,781.60","1,128"
GC=F,"Nov 30, 2021","1,783.90","1,808.10","1,768.70","1,773.60","1,773.60","4,903"
GC=F,"Nov 29, 2021","1,791.70","1,798.90","1,779.10","1,782.30","1,782.30","26,926"
GC=F,"Nov 26, 2021","1,791.10","1,791.40","1,785.30","1,785.30","1,785.30","186,800"
GC=F,"Nov 25, 2021","1,791.10","1,791.40","1,791.10","1,791.40","1,791.40",188
GC=F,"Nov 24, 2021","1,793.00","1,793.00","1,781.40","1,784.10","1,784.10",188
GC=F,"Nov 23, 2021","1,795.50","1,795.50","1,783.50","1,783.50","1,783.50",264
GC=F,"Nov 22, 2021","1,841.60","1,841.60","1,805.70","1,806.00","1,806.00",14
GC=F,"Nov 19, 2021","1,851.20","1,851.20","1,851.20","1,851.20","1,851.20",21
GC=F,"Nov 18, 2021","1,861.00","1,861.00","1,861.00","1,861.00","1,861.00",9
GC=F,"Nov 17, 2021","1,862.60","1,869.70","1,862.60","1,869.70","1,869.70",2
GC=F,"Nov 16, 2021","1,853.60","1,853.60","1,853.60","1,853.60","1,853.60",1
GC=F,"Nov 15, 2021","1,864.50","1,866.90","1,864.50","1,866.10","1,866.10",87
GC=F,"Nov 12, 2021","1,860.80","1,867.90","1,847.60","1,867.90","1,867.90",210
GC=F,"Nov 11, 2021","1,853.90","1,866.50","1,853.90","1,863.20","1,863.20",292
GC=F,"Nov 10, 2021","1,825.80","1,865.00","1,824.90","1,847.60","1,847.60",795
GC=F,"Nov 09, 2021","1,826.10","1,832.70","1,820.70","1,830.20","1,830.20",170
GC=F,"Nov 08, 2021","1,817.00","1,827.40","1,816.90","1,827.40","1,827.40",261
GC=F,"Nov 04, 2021","1,794.90","1,817.10","1,794.90","1,816.40","1,816.40",239
GC=F,"Nov 03, 2021","1,776.60","1,798.20","1,776.20","1,793.00","1,793.00",103
GC=F,"Nov 02, 2021","1,768.00","1,768.00","1,761.80","1,763.60","1,763.60",108
GC=F,"Nov 01, 2021","1,790.50","1,795.50","1,787.70","1,788.70","1,788.70",213
GC=F,"Oct 31, 2021","1,787.50","1,795.10","1,786.70","1,795.10","1,795.10",142
GC=F,"Oct 28, 2021","1,793.10","1,797.00","1,774.60","1,783.00","1,783.00",583
GC=F,"Oct 27, 2021","1,795.50","1,807.30","1,795.50","1,801.60","1,801.60",452
GC=F,"Oct 26, 2021","1,791.50","1,798.10","1,791.50","1,797.90","1,797.90",543
GC=F,"Oct 25, 2021","1,808.80","1,808.80","1,788.60","1,792.70","1,792.70",359
GC=F,"Oct 24, 2021","1,794.30","1,809.00","1,794.00","1,806.00","1,806.00",140
GC=F,"Oct 21, 2021","1,787.10","1,806.90","1,784.00","1,795.50","1,795.50",532
GC=F,"Oct 20, 2021","1,782.00","1,785.70","1,781.00","1,781.20","1,781.20",146
GC=F,"Oct 19, 2021","1,774.60","1,785.60","1,774.00","1,784.10","1,784.10",127
GC=F,"Oct 18, 2021","1,777.60","1,785.00","1,767.50","1,769.70","1,769.70",51
GC=F,"Oct 17, 2021","1,761.60","1,770.10","1,759.50","1,764.80","1,764.80",266
GC=F,"Oct 14, 2021","1,794.50","1,795.40","1,766.60","1,767.20","1,767.20",874
GC=F,"Oct 13, 2021","1,792.20","1,799.90","1,792.00","1,796.70","1,796.70",337
GC=F,"Oct 12, 2021","1,760.80","1,794.50","1,760.80","1,793.70","1,793.70",150
GC=F,"Oct 11, 2021","1,751.90","1,768.00","1,749.80","1,758.30","1,758.30",139
GC=F,"Oct 10, 2021","1,756.60","1,757.80","1,752.20","1,754.60","1,754.60",128
GC=F,"Oct 07, 2021","1,757.00","1,780.00","1,754.20","1,756.30","1,756.30",254
GC=F,"Oct 06, 2021","1,762.40","1,762.40","1,752.80","1,757.90","1,757.90",336
GC=F,"Oct 05, 2021","1,759.30","1,762.90","1,744.70","1,760.50","1,760.50",56
GC=F,"Oct 04, 2021","1,764.30","1,764.30","1,749.00","1,759.60","1,759.60",98
GC=F,"Oct 03, 2021","1,764.50","1,768.90","1,749.50","1,766.20","1,766.20",417
GC=F,"Sep 30, 2021","1,754.30","1,762.60","1,748.50","1,757.00","1,757.00","2,220"
GC=F,"Sep 29, 2021","1,725.50","1,760.30","1,724.50","1,755.30","1,755.30",997
GC=F,"Sep 28, 2021","1,732.40","1,744.10","1,721.40","1,721.50","1,721.50","6,634"
GC=F,"Sep 27, 2021","1,739.60","1,741.70","1,726.80","1,735.80","1,735.80","15,748"
GC=F,"Sep 26, 2021","1,751.70","1,754.40","1,747.50","1,750.00","1,750.00",808
GC=F,"Sep 23, 2021","1,749.70","1,749.70","1,745.00","1,749.70","1,749.70",76
GC=F,"Sep 22, 2021","1,766.80","1,766.80","1,738.20","1,747.70","1,747.70",31
GC=F,"Sep 21, 2021","1,776.70","1,784.30","1,767.00","1,776.70","1,776.70",17
GC=F,"Sep 20, 2021","1,762.20","1,776.00","1,759.00","1,776.00","1,776.00",106
GC=F,"Sep 19, 2021","1,751.80","1,761.80","1,750.90","1,761.80","1,761.80",185
GC=F,"Sep 16, 2021","1,758.80","1,763.00","1,749.40","1,749.40","1,749.40",581
GC=F,"Sep 15, 2021","1,792.90","1,792.90","1,743.90","1,754.60","1,754.60","1,645"
GC=F,"Sep 14, 2021","1,803.70","1,803.70","1,792.40","1,792.40","1,792.40",59
GC=F,"Sep 13, 2021","1,791.40","1,806.20","1,783.00","1,804.70","1,804.70",764
GC=F,"Sep 12, 2021","1,789.80","1,796.00","1,784.00","1,792.00","1,792.00",533
GC=F,"Sep 09, 2021","1,789.60","1,789.60","1,789.60","1,789.60","1,789.60",-
GC=F,"Sep 08, 2021","1,798.70","1,798.70","1,787.90","1,797.40","1,797.40",49
GC=F,"Sep 07, 2021","1,781.70","1,790.70","1,781.70","1,790.70","1,790.70",69
GC=F,"Sep 06, 2021","1,825.70","1,825.70","1,792.70","1,795.90","1,795.90",48
GC=F,"Sep 02, 2021","1,820.90","1,833.90","1,818.90","1,830.90","1,830.90",53
GC=F,"Sep 01, 2021","1,813.20","1,813.90","1,806.80","1,808.70","1,808.70",26
GC=F,"Aug 31, 2021","1,813.50","1,815.90","1,809.50","1,813.10","1,813.10",114
GC=F,"Aug 30, 2021","1,815.90","1,815.90","1,801.10","1,815.00","1,815.00",82
GC=F,"Aug 29, 2021","1,818.20","1,820.30","1,807.80","1,809.00","1,809.00",684
GC=F,"Aug 26, 2021","1,803.40","1,816.60","1,803.10","1,816.60","1,816.60","1,219"
GC=F,"Aug 25, 2021","1,787.40","1,792.20","1,781.00","1,792.20","1,792.20",61
GC=F,"Aug 24, 2021","1,792.00","1,792.90","1,784.00","1,788.20","1,788.20",812
GC=F,"Aug 23, 2021","1,801.00","1,805.60","1,801.00","1,805.60","1,805.60",22
GC=F,"Aug 22, 2021","1,776.80","1,804.80","1,776.80","1,803.20","1,803.20",32
GC=F,"Aug 19, 2021","1,784.10","1,787.50","1,778.20","1,781.00","1,781.00",235
GC=F,"Aug 18, 2021","1,780.00","1,789.30","1,775.50","1,780.20","1,780.20",245
GC=F,"Aug 17, 2021","1,787.80","1,791.50","1,779.00","1,781.60","1,781.60",263
GC=F,"Aug 16, 2021","1,787.70","1,794.20","1,780.00","1,785.00","1,785.00",200
GC=F,"Aug 15, 2021","1,776.90","1,787.80","1,771.90","1,786.90","1,786.90",219
GC=F,"Aug 12, 2021","1,758.30","1,777.30","1,757.40","1,775.20","1,775.20",436
GC=F,"Aug 11, 2021","1,749.70","1,752.40","1,745.50","1,749.00","1,749.00",739
GC=F,"Aug 10, 2021","1,727.30","1,752.20","1,727.30","1,750.40","1,750.40",542
GC=F,"Aug 09, 2021","1,728.60","1,735.20","1,720.10","1,728.80","1,728.80","1,363"
GC=F,"Aug 08, 2021","1,753.50","1,753.80","1,692.60","1,723.40","1,723.40","1,621"
GC=F,"Aug 05, 2021","1,799.80","1,800.10","1,758.40","1,760.00","1,760.00",859
GC=F,"Aug 04, 2021","1,810.80","1,813.70","1,796.00","1,805.10","1,805.10",588
GC=F,"Aug 03, 2021","1,809.30","1,831.30","1,806.30","1,810.50","1,810.50","2,860"
GC=F,"Aug 02, 2021","1,812.30","1,813.50","1,806.00","1,810.10","1,810.10","3,341"
GC=F,"Aug 01, 2021","1,812.40","1,818.70","1,804.80","1,818.10","1,818.10","1,334"
GC=F,"Jul 29, 2021","1,828.00","1,830.50","1,808.90","1,812.60","1,812.60","3,100"
GC=F,"Jul 28, 2021","1,806.60","1,832.60","1,806.10","1,831.20","1,831.20","30,496"
GC=F,"Jul 27, 2021","1,799.50","1,799.50","1,799.50","1,799.50","1,799.50","209,783"
GC=F,"Jul 26, 2021","1,803.70","1,803.70","1,799.50","1,799.50","1,799.50",1
GC=F,"Jul 25, 2021","1,802.50","1,802.50","1,797.20","1,798.70","1,798.70",17
GC=F,"Jul 22, 2021","1,800.00","1,801.40","1,800.00","1,801.40","1,801.40",1
GC=F,"Jul 21, 2021","1,793.60","1,805.00","1,793.60","1,805.00","1,805.00",2
GC=F,"Jul 20, 2021","1,807.00","1,807.00","1,800.00","1,802.90","1,802.90",135
GC=F,"Jul 19, 2021","1,812.90","1,824.00","1,810.90","1,810.90","1,810.90",128
GC=F,"Jul 18, 2021","1,803.30","1,813.40","1,803.30","1,808.70","1,808.70",33
GC=F,"Jul 15, 2021","1,830.10","1,831.40","1,814.50","1,814.50","1,814.50",78
symbol,date,open,high,low,close,adjusted Close,volume
GC=F,"Jul 14, 2021","1,831.60","1,833.00","1,823.40","1,828.40","1,828.40",99
GC=F,"Jul 13, 2021","1,813.10","1,829.00","1,813.10","1,824.30","1,824.30",707
GC=F,"Jul 12, 2021","1,808.10","1,812.00","1,800.60","1,809.40","1,809.40",78
GC=F,"Jul 11, 2021","1,802.60","1,805.50","1,799.50","1,805.50","1,805.50",147
GC=F,"Jul 08, 2021","1,803.60","1,810.10","1,798.80","1,810.00","1,810.00",218
GC=F,"Jul 07, 2021","1,797.00","1,818.50","1,797.00","1,799.60","1,799.60",148
GC=F,"Jul 06, 2021","1,798.70","1,808.40","1,797.20","1,801.50","1,801.50",244
GC=F,"Jul 05, 2021","1,786.70","1,809.80","1,786.70","1,793.50","1,793.50",332
GC=F,"Jul 01, 2021","1,778.70","1,787.90","1,778.30","1,782.60","1,782.60",23
GC=F,"Jun 30, 2021","1,775.70","1,781.20","1,768.80","1,775.90","1,775.90",44
GC=F,"Jun 29, 2021","1,761.10","1,770.80","1,759.20","1,770.80","1,770.80",51
GC=F,"Jun 28, 2021","1,776.80","1,777.10","1,752.10","1,762.80","1,762.80",419
GC=F,"Jun 27, 2021","1,779.60","1,779.60","1,779.60","1,779.60","1,779.60",888
GC=F,"Jun 24, 2021","1,777.70","1,788.00","1,775.20","1,776.60","1,776.60",35
GC=F,"Jun 23, 2021","1,778.90","1,786.40","1,775.60","1,775.60","1,775.60",78
GC=F,"Jun 22, 2021","1,780.70","1,793.20","1,780.60","1,782.30","1,782.30",136
GC=F,"Jun 21, 2021","1,783.40","1,786.90","1,775.90","1,776.30","1,776.30",101
GC=F,"Jun 20, 2021","1,768.80","1,785.20","1,766.80","1,781.80","1,781.80",38
GC=F,"Jun 17, 2021","1,775.70","1,792.40","1,767.90","1,767.90","1,767.90",354
GC=F,"Jun 16, 2021","1,811.80","1,823.30","1,769.60","1,773.80","1,773.80","1,135"
GC=F,"Jun 15, 2021","1,859.40","1,860.10","1,809.20","1,859.50","1,859.50",117
GC=F,"Jun 14, 2021","1,866.40","1,867.20","1,854.40","1,854.50","1,854.50",78
GC=F,"Jun 13, 2021","1,866.20","1,866.60","1,846.50","1,864.00","1,864.00",41
GC=F,"Jun 10, 2021","1,900.90","1,902.30","1,875.20","1,877.40","1,877.40",349
GC=F,"Jun 09, 2021","1,887.70","1,899.80","1,871.50","1,894.20","1,894.20",186
GC=F,"Jun 08, 2021","1,894.90","1,897.70","1,889.20","1,893.20","1,893.20",148
GC=F,"Jun 07, 2021","1,896.50","1,902.90","1,890.00","1,892.20","1,892.20",930
GC=F,"Jun 06, 2021","1,890.50","1,899.70","1,883.20","1,896.80","1,896.80",87
GC=F,"Jun 03, 2021","1,869.30","1,895.50","1,854.00","1,889.80","1,889.80",367
GC=F,"Jun 02, 2021","1,908.80","1,908.80","1,865.00","1,871.20","1,871.20","1,021"
GC=F,"Jun 01, 2021","1,899.20","1,908.80","1,896.00","1,907.50","1,907.50","1,267"
GC=F,"May 31, 2021","1,905.10","1,916.20","1,892.80","1,902.90","1,902.90",640
GC=F,"May 27, 2021","1,897.50","1,905.40","1,881.90","1,902.50","1,902.50","2,415"
GC=F,"May 26, 2021","1,896.80","1,903.90","1,888.20","1,895.70","1,895.70","35,794"
GC=F,"May 25, 2021","1,901.30","1,901.30","1,901.30","1,901.30","1,901.30","170,526"
GC=F,"May 24, 2021","1,882.50","1,898.10","1,882.50","1,898.10","1,898.10",56
GC=F,"May 23, 2021","1,882.10","1,884.60","1,882.10","1,884.60","1,884.60",39
GC=F,"May 20, 2021","1,872.10","1,876.70","1,872.10","1,876.70","1,876.70",5
GC=F,"May 19, 2021","1,865.50","1,885.00","1,864.80","1,881.80","1,881.80",85
GC=F,"May 18, 2021","1,866.40","1,884.90","1,863.60","1,881.30","1,881.30",348
GC=F,"May 17, 2021","1,870.50","1,870.50","1,867.80","1,867.80","1,867.80",3
GC=F,"May 16, 2021","1,849.90","1,867.50","1,847.20","1,867.50","1,867.50",13
GC=F,"May 13, 2021","1,824.50","1,842.90","1,824.50","1,837.90","1,837.90",41
GC=F,"May 12, 2021","1,814.70","1,826.80","1,814.10","1,823.80","1,823.80",100
GC=F,"May 11, 2021","1,825.20","1,825.20","1,821.70","1,822.60","1,822.60",3
GC=F,"May 10, 2021","1,837.20","1,838.10","1,831.60","1,835.90","1,835.90",420
GC=F,"May 09, 2021","1,835.60","1,845.60","1,835.40","1,837.50","1,837.50",13
GC=F,"May 06, 2021","1,842.90","1,842.90","1,831.10","1,831.10","1,831.10",2
GC=F,"May 05, 2021","1,788.90","1,815.50","1,787.60","1,815.50","1,815.50",13
GC=F,"May 04, 2021","1,781.50","1,784.10","1,779.20","1,784.10","1,784.10",57
GC=F,"May 03, 2021","1,788.20","1,788.50","1,774.80","1,775.80","1,775.80",182
GC=F,"May 02, 2021","1,788.50","1,793.00","1,788.50","1,791.40","1,791.40",18
GC=F,"Apr 29, 2021","1,771.80","1,771.80","1,763.90","1,767.30","1,767.30",18
GC=F,"Apr 28, 2021","1,781.00","1,789.00","1,758.60","1,768.10","1,768.10",196
GC=F,"Apr 27, 2021","1,768.20","1,774.00","1,764.60","1,773.20","1,773.20",756
GC=F,"Apr 26, 2021","1,780.00","1,782.00","1,777.70","1,778.00","1,778.00",117
GC=F,"Apr 25, 2021","1,778.00","1,779.70","1,770.80","1,779.20","1,779.20",549
GC=F,"Apr 22, 2021","1,786.10","1,794.50","1,772.00","1,777.00","1,777.00",332
GC=F,"Apr 21, 2021","1,794.20","1,794.20","1,779.50","1,781.20","1,781.20",159
GC=F,"Apr 20, 2021","1,783.00","1,794.10","1,777.70","1,792.30","1,792.30",250
GC=F,"Apr 19, 2021","1,769.30","1,777.30","1,765.50","1,777.30","1,777.30","1,464"
GC=F,"Apr 18, 2021","1,782.10","1,788.50","1,769.40","1,769.40","1,769.40",144
GC=F,"Apr 15, 2021","1,770.40","1,779.50","1,770.10","1,779.00","1,779.00",625
GC=F,"Apr 14, 2021","1,740.10","1,767.90","1,740.10","1,765.40","1,765.40",368
GC=F,"Apr 13, 2021","1,741.30","1,745.90","1,732.70","1,734.90","1,734.90","1,037"
GC=F,"Apr 12, 2021","1,733.80","1,746.90","1,722.10","1,746.20","1,746.20",367
GC=F,"Apr 11, 2021","1,740.80","1,740.80","1,726.70","1,731.20","1,731.20",40
GC=F,"Apr 08, 2021","1,750.80","1,750.80","1,733.30","1,743.30","1,743.30",484
GC=F,"Apr 07, 2021","1,736.00","1,758.00","1,734.60","1,756.80","1,756.80","1,298"
GC=F,"Apr 06, 2021","1,742.70","1,742.70","1,733.70","1,740.10","1,740.10",557
GC=F,"Apr 05, 2021","1,726.90","1,744.80","1,726.90","1,741.50","1,741.50",890
GC=F,"Apr 04, 2021","1,727.90","1,729.70","1,721.90","1,727.00","1,727.00",275
GC=F,"Mar 31, 2021","1,706.80","1,728.80","1,706.40","1,726.50","1,726.50",720
GC=F,"Mar 30, 2021","1,683.70","1,713.80","1,676.50","1,713.80","1,713.80",762
GC=F,"Mar 29, 2021","1,711.00","1,712.60","1,676.50","1,683.90","1,683.90","25,316"
GC=F,"Mar 28, 2021","1,712.10","1,712.10","1,712.10","1,712.10","1,712.10","135,457"
GC=F,"Mar 25, 2021","1,721.30","1,732.20","1,721.30","1,732.20","1,732.20",33
GC=F,"Mar 24, 2021","1,732.70","1,733.20","1,724.50","1,724.90","1,724.90",15
GC=F,"Mar 23, 2021","1,727.50","1,732.90","1,727.50","1,732.90","1,732.90",26
GC=F,"Mar 22, 2021","1,724.70","1,724.70","1,724.70","1,724.70","1,724.70",6
GC=F,"Mar 21, 2021","1,737.80","1,737.80","1,737.80","1,737.80","1,737.80",51
GC=F,"Mar 18, 2021","1,742.20","1,742.20","1,733.60","1,741.40","1,741.40",13
GC=F,"Mar 17, 2021","1,745.80","1,750.30","1,721.80","1,732.20","1,732.20",138
GC=F,"Mar 16, 2021","1,735.30","1,750.10","1,725.60","1,726.80","1,726.80",488
GC=F,"Mar 15, 2021","1,732.30","1,733.90","1,726.00","1,730.60","1,730.60",729
GC=F,"Mar 14, 2021","1,729.50","1,731.90","1,722.80","1,728.90","1,728.90",147
GC=F,"Mar 12, 2021","1,715.90","1,722.50","1,699.00","1,719.50","1,719.50",80
GC=F,"Mar 11, 2021","1,725.60","1,737.50","1,720.20","1,722.30","1,722.30",18
GC=F,"Mar 10, 2021","1,713.60","1,722.90","1,711.00","1,721.50","1,721.50",412
GC=F,"Mar 09, 2021","1,686.20","1,717.50","1,685.20","1,716.60","1,716.60",335
GC=F,"Mar 08, 2021","1,704.70","1,705.40","1,673.70","1,677.70","1,677.70","1,290"
GC=F,"Mar 05, 2021","1,690.60","1,701.00","1,685.00","1,698.00","1,698.00",302
GC=F,"Mar 04, 2021","1,706.50","1,717.40","1,700.20","1,700.20","1,700.20",521
GC=F,"Mar 03, 2021","1,730.00","1,732.40","1,703.50","1,715.30","1,715.30",501
GC=F,"Mar 02, 2021","1,709.40","1,733.10","1,708.70","1,733.10","1,733.10",867
GC=F,"Mar 01, 2021","1,737.10","1,747.00","1,720.30","1,722.50","1,722.50",407
GC=F,"Feb 26, 2021","1,768.10","1,768.20","1,718.80","1,728.10","1,728.10","1,593"
GC=F,"Feb 25, 2021","1,801.50","1,802.00","1,766.70","1,774.40","1,774.40","1,049"
symbol,date,open,high,low,close,adjusted Close,volume
GC=F,"Feb 24, 2021","1,805.80","1,805.80","1,796.40","1,796.40","1,796.40","1,500"
GC=F,"Feb 23, 2021","1,809.60","1,811.30","1,796.40","1,804.40","1,804.40",569
GC=F,"Feb 22, 2021","1,784.00","1,807.80","1,784.00","1,806.70","1,806.70",165
GC=F,"Feb 19, 2021","1,764.30","1,787.60","1,764.30","1,775.80","1,775.80",118
GC=F,"Feb 18, 2021","1,776.10","1,784.60","1,766.00","1,773.40","1,773.40",587
GC=F,"Feb 17, 2021","1,785.80","1,789.70","1,768.80","1,771.10","1,771.10",614
GC=F,"Feb 16, 2021","1,820.90","1,823.40","1,787.30","1,797.20","1,797.20","1,141"
GC=F,"Feb 12, 2021","1,825.00","1,827.50","1,809.20","1,821.60","1,821.60",259
GC=F,"Feb 11, 2021","1,840.50","1,845.00","1,820.90","1,824.90","1,824.90",602
GC=F,"Feb 10, 2021","1,842.60","1,851.10","1,837.00","1,840.60","1,840.60",543
GC=F,"Feb 09, 2021","1,841.90","1,843.30","1,830.70","1,835.30","1,835.30",184
GC=F,"Feb 08, 2021","1,816.30","1,836.70","1,809.00","1,831.90","1,831.90",254
GC=F,"Feb 05, 2021","1,794.30","1,813.50","1,790.90","1,810.90","1,810.90","1,278"
GC=F,"Feb 04, 2021","1,832.20","1,832.20","1,782.80","1,788.90","1,788.90","2,375"
GC=F,"Feb 03, 2021","1,834.80","1,842.40","1,829.80","1,832.20","1,832.20","1,195"
GC=F,"Feb 02, 2021","1,859.60","1,861.30","1,827.60","1,830.50","1,830.50","1,293"
GC=F,"Feb 01, 2021","1,866.60","1,871.90","1,850.00","1,860.80","1,860.80","1,494"
GC=F,"Jan 29, 2021","1,842.00","1,876.00","1,838.70","1,847.30","1,847.30","1,634"
GC=F,"Jan 28, 2021","1,843.40","1,862.90","1,831.50","1,837.90","1,837.90","27,283"
GC=F,"Jan 27, 2021","1,844.90","1,844.90","1,844.90","1,844.90","1,844.90","195,540"
GC=F,"Jan 26, 2021","1,855.80","1,855.80","1,850.70","1,850.70","1,850.70",59
GC=F,"Jan 25, 2021","1,864.70","1,864.70","1,851.80","1,854.90","1,854.90",26
GC=F,"Jan 22, 2021","1,854.90","1,855.70","1,852.70","1,855.70","1,855.70",8
GC=F,"Jan 21, 2021","1,865.30","1,868.00","1,865.30","1,865.30","1,865.30",6
GC=F,"Jan 20, 2021","1,847.80","1,866.60","1,844.40","1,865.90","1,865.90",16
GC=F,"Jan 19, 2021","1,802.00","1,842.90","1,802.00","1,839.50","1,839.50",13
GC=F,"Jan 15, 2021","1,829.40","1,829.40","1,825.00","1,829.30","1,829.30",31
GC=F,"Jan 14, 2021","1,836.70","1,850.70","1,836.70","1,850.30","1,850.30",149
GC=F,"Jan 13, 2021","1,858.00","1,858.60","1,853.60","1,853.60","1,853.60",189
GC=F,"Jan 12, 2021","1,849.00","1,859.70","1,839.40","1,842.90","1,842.90",176
GC=F,"Jan 11, 2021","1,826.50","1,849.60","1,826.50","1,849.60","1,849.60",20
GC=F,"Jan 08, 2021","1,908.00","1,908.00","1,834.10","1,834.10","1,834.10",60
GC=F,"Jan 07, 2021","1,922.60","1,926.70","1,912.00","1,912.30","1,912.30",122
GC=F,"Jan 06, 2021","1,952.00","1,959.90","1,901.50","1,906.90","1,906.90",331
GC=F,"Jan 05, 2021","1,941.70","1,952.70","1,941.30","1,952.70","1,952.70",113
GC=F,"Jan 04, 2021","1,912.20","1,945.10","1,912.20","1,944.70","1,944.70",154
GC=F,"Dec 31, 2020","1,897.00","1,901.30","1,892.70","1,893.10","1,893.10",127
GC=F,"Dec 30, 2020","1,879.90","1,895.80","1,877.30","1,891.00","1,891.00",444
GC=F,"Dec 29, 2020","1,881.30","1,881.30","1,879.70","1,879.70","1,879.70",343
GC=F,"Dec 28, 2020","1,895.50","1,895.80","1,873.70","1,877.20","1,877.20",75
GC=F,"Dec 24, 2020","1,877.30","1,879.90","1,875.70","1,879.90","1,879.90",46
GC=F,"Dec 23, 2020","1,867.00","1,878.80","1,864.50","1,874.70","1,874.70",82
GC=F,"Dec 22, 2020","1,882.20","1,882.20","1,861.00","1,866.60","1,866.60",233
GC=F,"Dec 21, 2020","1,884.80","1,908.00","1,869.10","1,879.20","1,879.20",136
GC=F,"Dec 18, 2020","1,882.40","1,889.50","1,882.30","1,885.70","1,885.70",276
GC=F,"Dec 17, 2020","1,874.20","1,896.20","1,874.20","1,887.20","1,887.20",414
GC=F,"Dec 16, 2020","1,856.50","1,864.70","1,850.50","1,856.10","1,856.10","1,090"
GC=F,"Dec 15, 2020","1,833.50","1,853.60","1,833.20","1,852.30","1,852.30",961
GC=F,"Dec 14, 2020","1,835.50","1,835.70","1,822.70","1,828.70","1,828.70",258
GC=F,"Dec 11, 2020","1,838.50","1,846.00","1,829.10","1,839.80","1,839.80",109
GC=F,"Dec 10, 2020","1,833.20","1,849.10","1,828.00","1,833.60","1,833.60",177
GC=F,"Dec 09, 2020","1,867.10","1,867.10","1,827.00","1,834.60","1,834.60",215
GC=F,"Dec 08, 2020","1,863.00","1,875.80","1,861.80","1,870.80","1,870.80",121
GC=F,"Dec 07, 2020","1,836.50","1,866.90","1,820.80","1,861.80","1,861.80","1,427"
GC=F,"Dec 04, 2020","1,840.70","1,847.60","1,828.20","1,835.90","1,835.90","1,213"
GC=F,"Dec 03, 2020","1,829.20","1,842.00","1,825.30","1,836.80","1,836.80","1,765"
GC=F,"Dec 02, 2020","1,811.30","1,830.00","1,807.80","1,825.70","1,825.70",771
GC=F,"Dec 01, 2020","1,775.00","1,815.90","1,774.90","1,814.10","1,814.10","1,859"
GC=F,"Nov 30, 2020","1,785.00","1,787.20","1,762.30","1,775.70","1,775.70","3,145"
GC=F,"Nov 27, 2020","1,806.10","1,817.00","1,770.70","1,781.90","1,781.90","71,804"
GC=F,"Nov 25, 2020","1,801.40","1,805.70","1,801.40","1,805.70","1,805.70","205,754"
GC=F,"Nov 24, 2020","1,829.30","1,829.30","1,799.30","1,804.80","1,804.80","1,041"
GC=F,"Nov 23, 2020","1,834.80","1,837.80","1,829.20","1,837.80","1,837.80",843
GC=F,"Nov 20, 2020","1,871.20","1,872.60","1,871.20","1,872.60","1,872.60","1,900"
GC=F,"Nov 19, 2020","1,865.80","1,865.80","1,856.00","1,861.10","1,861.10",59
GC=F,"Nov 18, 2020","1,873.50","1,873.50","1,873.50","1,873.50","1,873.50",152
GC=F,"Nov 17, 2020","1,888.40","1,888.40","1,884.50","1,884.50","1,884.50",59
GC=F,"Nov 16, 2020","1,874.60","1,887.30","1,871.00","1,887.30","1,887.30",6
GC=F,"Nov 13, 2020","1,877.00","1,890.10","1,876.80","1,885.70","1,885.70",240
GC=F,"Nov 12, 2020","1,869.00","1,878.50","1,866.60","1,872.60","1,872.60",220
GC=F,"Nov 11, 2020","1,878.80","1,878.80","1,855.50","1,860.70","1,860.70",222
GC=F,"Nov 10, 2020","1,879.30","1,885.30","1,871.20","1,875.40","1,875.40",276
GC=F,"Nov 09, 2020","1,955.60","1,963.20","1,847.10","1,853.20","1,853.20",745
GC=F,"Nov 06, 2020","1,940.80","1,958.80","1,940.80","1,950.30","1,950.30",304
GC=F,"Nov 05, 2020","1,901.70","1,948.00","1,901.70","1,945.30","1,945.30",135
GC=F,"Nov 04, 2020","1,893.80","1,907.00","1,885.30","1,894.60","1,894.60",782
GC=F,"Nov 03, 2020","1,891.50","1,908.50","1,891.50","1,908.50","1,908.50",712
GC=F,"Nov 02, 2020","1,872.90","1,894.70","1,872.90","1,890.40","1,890.40",190
GC=F,"Oct 29, 2020","1,862.80","1,886.60","1,862.80","1,877.40","1,877.40",725
GC=F,"Oct 28, 2020","1,876.10","1,879.80","1,858.80","1,865.60","1,865.60",240
GC=F,"Oct 27, 2020","1,870.90","1,876.20","1,870.90","1,876.20","1,876.20",277
GC=F,"Oct 26, 2020","1,904.60","1,908.80","1,904.40","1,908.80","1,908.80",176
GC=F,"Oct 25, 2020","1,895.50","1,907.00","1,893.50","1,902.70","1,902.70",242
GC=F,"Oct 22, 2020","1,899.90","1,913.30","1,896.20","1,902.00","1,902.00",287
GC=F,"Oct 21, 2020","1,924.30","1,924.30","1,898.20","1,901.10","1,901.10",899
GC=F,"Oct 20, 2020","1,913.60","1,927.30","1,913.60","1,924.60","1,924.60","1,202"
GC=F,"Oct 19, 2020","1,901.30","1,910.40","1,896.10","1,910.40","1,910.40",329
GC=F,"Oct 18, 2020","1,907.30","1,907.80","1,899.50","1,906.40","1,906.40",43
GC=F,"Oct 15, 2020","1,898.50","1,900.80","1,898.50","1,900.80","1,900.80",53
GC=F,"Oct 14, 2020","1,897.30","1,906.30","1,889.60","1,903.20","1,903.20",254
GC=F,"Oct 13, 2020","1,889.70","1,910.80","1,882.50","1,901.30","1,901.30",33
GC=F,"Oct 12, 2020","1,921.90","1,922.20","1,887.00","1,888.50","1,888.50",191
GC=F,"Oct 11, 2020","1,924.00","1,926.50","1,921.60","1,922.50","1,922.50",96
GC=F,"Oct 08, 2020","1,909.30","1,929.10","1,905.10","1,919.50","1,919.50",580
GC=F,"Oct 07, 2020","1,893.00","1,893.00","1,882.70","1,888.60","1,888.60",348
GC=F,"Oct 06, 2020","1,874.10","1,889.80","1,873.10","1,883.60","1,883.60",50
symbol,date,open,high,low,close,adjusted Close,volume
GC=F,"Oct 05, 2020","1,906.60","1,918.00","1,874.40","1,901.10","1,901.10",968
GC=F,"Oct 04, 2020","1,898.90","1,915.60","1,884.70","1,912.50","1,912.50","1,360"
GC=F,"Oct 01, 2020","1,893.90","1,913.00","1,893.90","1,900.20","1,900.20",530
GC=F,"Sep 30, 2020","1,884.10","1,909.60","1,882.50","1,908.40","1,908.40",730
GC=F,"Sep 29, 2020","1,893.00","1,899.70","1,879.80","1,887.50","1,887.50",600
GC=F,"Sep 28, 2020","1,876.50","1,895.40","1,872.40","1,894.30","1,894.30","3,283"
GC=F,"Sep 27, 2020","1,872.80","1,872.80","1,872.80","1,872.80","1,872.80","10,455"
GC=F,"Sep 24, 2020","1,856.30","1,857.70","1,856.30","1,857.70","1,857.70",4
GC=F,"Sep 23, 2020","1,851.50","1,868.30","1,851.50","1,868.30","1,868.30",365
GC=F,"Sep 22, 2020","1,875.50","1,875.50","1,859.90","1,859.90","1,859.90",5
GC=F,"Sep 21, 2020","1,913.10","1,913.10","1,898.60","1,898.60","1,898.60",331
GC=F,"Sep 20, 2020","1,946.20","1,946.20","1,883.40","1,901.20","1,901.20",52
GC=F,"Sep 17, 2020","1,950.50","1,952.10","1,949.00","1,952.10","1,952.10",38
GC=F,"Sep 16, 2020","1,939.00","1,946.00","1,933.70","1,940.00","1,940.00",67
GC=F,"Sep 15, 2020","1,961.30","1,961.40","1,956.70","1,960.20","1,960.20",124
GC=F,"Sep 14, 2020","1,955.80","1,968.50","1,955.80","1,956.30","1,956.30",74
GC=F,"Sep 13, 2020","1,946.30","1,953.10","1,943.00","1,953.10","1,953.10",55
GC=F,"Sep 10, 2020","1,944.00","1,949.50","1,937.80","1,937.80","1,937.80",73
GC=F,"Sep 09, 2020","1,944.10","1,962.70","1,944.10","1,954.20","1,954.20",722
GC=F,"Sep 08, 2020","1,926.90","1,946.20","1,924.60","1,944.70","1,944.70",219
GC=F,"Sep 07, 2020","1,930.90","1,937.90","1,903.10","1,933.00","1,933.00",271
GC=F,"Sep 03, 2020","1,927.90","1,939.70","1,917.70","1,923.90","1,923.90",607
GC=F,"Sep 02, 2020","1,937.10","1,938.80","1,923.00","1,927.60","1,927.60",179
GC=F,"Sep 01, 2020","1,967.30","1,967.30","1,934.40","1,934.40","1,934.40",71
GC=F,"Aug 31, 2020","1,961.70","1,986.30","1,961.70","1,968.20","1,968.20",186
GC=F,"Aug 30, 2020","1,970.00","1,971.30","1,953.30","1,967.60","1,967.60",158
GC=F,"Aug 27, 2020","1,927.10","1,971.30","1,922.50","1,964.60","1,964.60",778
GC=F,"Aug 26, 2020","1,948.90","1,972.50","1,921.60","1,921.60","1,921.60","2,303"
GC=F,"Aug 25, 2020","1,909.70","1,950.80","1,909.70","1,940.70","1,940.70",287
GC=F,"Aug 24, 2020","1,927.50","1,928.50","1,911.80","1,911.80","1,911.80",176
GC=F,"Aug 23, 2020","1,930.20","1,940.00","1,922.20","1,927.70","1,927.70",85
GC=F,"Aug 20, 2020","1,941.00","1,945.00","1,908.90","1,934.60","1,934.60",184
GC=F,"Aug 19, 2020","1,941.20","1,948.30","1,922.30","1,933.80","1,933.80",106
GC=F,"Aug 18, 2020","1,980.00","1,980.00","1,938.70","1,958.70","1,958.70",347
GC=F,"Aug 17, 2020","2,001.10","2,002.80","1,972.10","1,999.40","1,999.40",92
GC=F,"Aug 16, 2020","1,949.60","1,985.00","1,949.60","1,985.00","1,985.00",97
GC=F,"Aug 13, 2020","1,938.70","1,947.40","1,937.00","1,937.00","1,937.00",201
GC=F,"Aug 12, 2020","1,921.50","1,957.40","1,916.90","1,956.70","1,956.70",71
GC=F,"Aug 11, 2020","1,923.00","1,946.60","1,871.60","1,934.90","1,934.90",404
GC=F,"Aug 10, 2020","2,012.40","2,016.00","1,904.00","1,932.60","1,932.60",971
GC=F,"Aug 09, 2020","2,026.40","2,043.80","2,017.50","2,024.40","2,024.40",233
GC=F,"Aug 06, 2020","2,040.10","2,055.00","2,009.60","2,010.10","2,010.10",808
GC=F,"Aug 05, 2020","2,045.50","2,063.00","2,040.00","2,051.50","2,051.50",294
GC=F,"Aug 04, 2020","2,024.00","2,050.20","2,011.00","2,031.10","2,031.10","1,422"
GC=F,"Aug 03, 2020","1,971.00","2,016.20","1,968.80","2,001.20","2,001.20","2,010"
GC=F,"Aug 02, 2020","1,984.30","1,984.30","1,955.50","1,966.00","1,966.00",683
GC=F,"Jul 30, 2020","1,948.60","1,981.10","1,948.00","1,962.80","1,962.80","2,914"
GC=F,"Jul 29, 2020","1,963.40","1,965.10","1,930.00","1,942.30","1,942.30","28,853"
GC=F,"Jul 28, 2020","1,953.20","1,953.50","1,952.60","1,953.50","1,953.50","209,835"
GC=F,"Jul 27, 2020","1,931.50","1,944.70","1,928.60","1,944.70","1,944.70",825
GC=F,"Jul 26, 2020","1,901.70","1,938.00","1,901.50","1,931.00","1,931.00",364
GC=F,"Jul 23, 2020","1,884.30","1,897.30","1,884.30","1,897.30","1,897.30",474
GC=F,"Jul 22, 2020","1,868.70","1,890.30","1,868.50","1,889.10","1,889.10",133
GC=F,"Jul 21, 2020","1,858.10","1,867.00","1,854.70","1,864.10","1,864.10",213
GC=F,"Jul 20, 2020","1,822.00","1,842.40","1,822.00","1,842.40","1,842.40",117
GC=F,"Jul 19, 2020","1,807.00","1,817.30","1,807.00","1,815.90","1,815.90",89
GC=F,"Jul 16, 2020","1,798.50","1,810.10","1,798.50","1,808.30","1,808.30",24
GC=F,"Jul 15, 2020","1,810.90","1,810.90","1,794.30","1,798.70","1,798.70",146
GC=F,"Jul 14, 2020","1,806.10","1,813.50","1,806.10","1,811.40","1,811.40",167
GC=F,"Jul 13, 2020","1,791.00","1,811.50","1,791.00","1,810.60","1,810.60",339
GC=F,"Jul 12, 2020","1,805.00","1,811.00","1,805.00","1,811.00","1,811.00",164
GC=F,"Jul 09, 2020","1,805.50","1,805.50","1,797.70","1,798.20","1,798.20",236
GC=F,"Jul 08, 2020","1,816.10","1,819.80","1,799.20","1,799.20","1,799.20",396
GC=F,"Jul 07, 2020","1,801.50","1,817.90","1,801.50","1,815.50","1,815.50",209
GC=F,"Jul 06, 2020","1,789.30","1,804.20","1,783.30","1,804.20","1,804.20",751
GC=F,"Jul 05, 2020","1,788.20","1,790.10","1,788.20","1,788.50","1,788.50",172
GC=F,"Jul 01, 2020","1,773.40","1,784.00","1,768.70","1,784.00","1,784.00",215
GC=F,"Jun 30, 2020","1,793.60","1,798.00","1,765.80","1,773.20","1,773.20",331
GC=F,"Jun 29, 2020","1,777.30","1,793.20","1,774.40","1,793.00","1,793.00",986
GC=F,"Jun 28, 2020","1,779.80","1,780.20","1,774.30","1,774.80","1,774.80",584
GC=F,"Jun 25, 2020","1,766.00","1,772.50","1,764.70","1,772.50","1,772.50",640
GC=F,"Jun 24, 2020","1,761.70","1,764.80","1,759.80","1,762.10","1,762.10",207
GC=F,"Jun 23, 2020","1,778.30","1,783.10","1,764.50","1,765.80","1,765.80",961
GC=F,"Jun 22, 2020","1,755.40","1,776.30","1,754.20","1,772.10","1,772.10",666
GC=F,"Jun 21, 2020","1,755.20","1,767.60","1,750.50","1,756.70","1,756.70","1,356"
GC=F,"Jun 18, 2020","1,723.70","1,750.70","1,723.50","1,745.90","1,745.90","1,329"
GC=F,"Jun 17, 2020","1,730.50","1,734.10","1,717.30","1,724.80","1,724.80",110
GC=F,"Jun 16, 2020","1,714.70","1,729.20","1,714.70","1,729.20","1,729.20",51
GC=F,"Jun 15, 2020","1,726.30","1,729.60","1,722.40","1,729.60","1,729.60",22
GC=F,"Jun 14, 2020","1,730.00","1,730.00","1,703.30","1,720.30","1,720.30",188
GC=F,"Jun 11, 2020","1,724.90","1,743.00","1,724.90","1,729.30","1,729.30",318
GC=F,"Jun 10, 2020","1,737.20","1,744.10","1,720.00","1,732.00","1,732.00",347
GC=F,"Jun 09, 2020","1,716.10","1,740.80","1,711.90","1,713.30","1,713.30",718
GC=F,"Jun 08, 2020","1,694.60","1,720.90","1,692.00","1,714.70","1,714.70",690
GC=F,"Jun 07, 2020","1,679.10","1,699.40","1,675.90","1,698.30","1,698.30",587
GC=F,"Jun 04, 2020","1,711.80","1,711.80","1,668.60","1,676.20","1,676.20","1,502"
GC=F,"Jun 03, 2020","1,694.50","1,718.90","1,694.50","1,718.90","1,718.90",807
GC=F,"Jun 02, 2020","1,726.30","1,726.30","1,684.50","1,697.80","1,697.80","2,755"
GC=F,"Jun 01, 2020","1,743.00","1,745.50","1,721.80","1,725.20","1,725.20",741
GC=F,"May 31, 2020","1,740.40","1,747.00","1,727.10","1,737.80","1,737.80",871
GC=F,"May 28, 2020","1,718.80","1,738.30","1,715.10","1,736.90","1,736.90","1,526"
GC=F,"May 27, 2020","1,709.30","1,727.80","1,705.00","1,713.30","1,713.30","23,355"
GC=F,"May 26, 2020","1,685.60","1,710.30","1,685.60","1,710.30","1,710.30","137,416"
GC=F,"May 25, 2020","1,726.40","1,726.40","1,704.80","1,704.80","1,704.80",39
GC=F,"May 21, 2020","1,726.60","1,734.60","1,726.60","1,734.60","1,734.60",6
GC=F,"May 20, 2020","1,746.80","1,746.80","1,720.50","1,720.50","1,720.50",528
GC=F,"May 19, 2020","1,751.60","1,752.10","1,745.60","1,750.60","1,750.60",16
GC=F,"May 18, 2020","1,744.20","1,749.50","1,744.20","1,744.20","1,744.20",167
symbol,date,open,high,low,close,adjusted Close,volume
GC=F,"May 17, 2020","1,755.70","1,770.50","1,731.80","1,731.80","1,731.80",229
GC=F,"May 14, 2020","1,739.70","1,753.40","1,739.70","1,753.40","1,753.40",719
GC=F,"May 13, 2020","1,724.30","1,743.10","1,720.50","1,738.10","1,738.10",672
GC=F,"May 12, 2020","1,702.00","1,721.30","1,701.90","1,713.90","1,713.90",431
GC=F,"May 11, 2020","1,699.30","1,713.10","1,699.30","1,704.40","1,704.40",324
GC=F,"May 10, 2020","1,702.30","1,704.50","1,690.20","1,695.30","1,695.30",749
GC=F,"May 07, 2020","1,726.20","1,728.90","1,703.80","1,709.90","1,709.90",330
GC=F,"May 06, 2020","1,686.20","1,721.80","1,685.60","1,721.80","1,721.80",853
GC=F,"May 05, 2020","1,704.00","1,704.00","1,684.20","1,684.20","1,684.20",469
GC=F,"May 04, 2020","1,701.50","1,704.40","1,697.20","1,704.40","1,704.40",82
GC=F,"May 03, 2020","1,702.60","1,709.00","1,699.60","1,706.90","1,706.90",320
GC=F,"Apr 30, 2020","1,686.60","1,701.50","1,670.50","1,694.50","1,694.50",337
GC=F,"Apr 29, 2020","1,719.30","1,719.30","1,680.80","1,684.20","1,684.20",327
GC=F,"Apr 28, 2020","1,710.00","1,713.50","1,702.00","1,703.40","1,703.40",373
GC=F,"Apr 27, 2020","1,716.60","1,716.60","1,707.10","1,710.50","1,710.50","1,255"
GC=F,"Apr 26, 2020","1,731.90","1,731.90","1,711.90","1,711.90","1,711.90",169
GC=F,"Apr 23, 2020","1,744.00","1,744.00","1,714.50","1,723.50","1,723.50",221
GC=F,"Apr 22, 2020","1,734.00","1,745.10","1,733.30","1,733.30","1,733.30",482
GC=F,"Apr 21, 2020","1,696.00","1,728.70","1,684.80","1,728.70","1,728.70",453
GC=F,"Apr 20, 2020","1,697.00","1,707.10","1,659.90","1,678.20","1,678.20",666
GC=F,"Apr 19, 2020","1,686.00","1,701.60","1,680.00","1,701.60","1,701.60",106
GC=F,"Apr 16, 2020","1,715.70","1,725.00","1,684.90","1,689.20","1,689.20",223
GC=F,"Apr 15, 2020","1,731.00","1,750.60","1,715.00","1,720.40","1,720.40",162
GC=F,"Apr 14, 2020","1,739.40","1,744.90","1,722.70","1,727.20","1,727.20",642
GC=F,"Apr 13, 2020","1,756.80","1,775.00","1,739.50","1,756.70","1,756.70",675
GC=F,"Apr 12, 2020","1,722.00","1,756.80","1,710.70","1,744.80","1,744.80",696
GC=F,"Apr 08, 2020","1,662.70","1,736.20","1,662.70","1,736.20","1,736.20",825
GC=F,"Apr 07, 2020","1,669.70","1,677.00","1,662.50","1,665.40","1,665.40",747
GC=F,"Apr 06, 2020","1,695.70","1,724.40","1,658.00","1,664.80","1,664.80","1,144"
GC=F,"Apr 05, 2020","1,629.10","1,696.70","1,625.90","1,677.00","1,677.00","1,063"
GC=F,"Apr 02, 2020","1,624.50","1,636.00","1,619.80","1,633.70","1,633.70",643
GC=F,"Apr 01, 2020","1,590.90","1,631.20","1,586.00","1,625.70","1,625.70","1,294"
GC=F,"Mar 31, 2020","1,570.00","1,600.00","1,570.00","1,578.20","1,578.20","2,158"
GC=F,"Mar 30, 2020","1,618.70","1,621.00","1,576.00","1,583.40","1,583.40","2,874"
GC=F,"Mar 29, 2020","1,641.20","1,652.80","1,607.20","1,622.00","1,622.00","16,389"
GC=F,"Mar 26, 2020","1,623.90","1,623.90","1,623.90","1,623.90","1,623.90","100,638"
GC=F,"Mar 25, 2020","1,660.50","1,660.50","1,650.10","1,650.10","1,650.10",3
GC=F,"Mar 24, 2020","1,676.50","1,676.50","1,631.10","1,632.30","1,632.30",476
GC=F,"Mar 23, 2020","1,592.70","1,685.50","1,592.70","1,660.20","1,660.20",442
GC=F,"Mar 22, 2020","1,505.30","1,567.00","1,490.20","1,567.00","1,567.00",51
GC=F,"Mar 19, 2020","1,483.50","1,484.00","1,483.50","1,484.00","1,484.00",14
GC=F,"Mar 18, 2020","1,481.50","1,491.60","1,471.00","1,478.60","1,478.60",262
GC=F,"Mar 17, 2020","1,537.50","1,542.00","1,477.30","1,477.30","1,477.30",333
GC=F,"Mar 16, 2020","1,469.30","1,537.70","1,469.30","1,524.90","1,524.90",122
GC=F,"Mar 15, 2020","1,569.10","1,569.10","1,452.10","1,485.90","1,485.90",193
GC=F,"Mar 12, 2020","1,574.90","1,589.80","1,513.80","1,515.70","1,515.70",89
GC=F,"Mar 11, 2020","1,637.00","1,647.50","1,566.40","1,589.30","1,589.30",256
GC=F,"Mar 10, 2020","1,656.60","1,666.50","1,635.00","1,641.40","1,641.40",47
GC=F,"Mar 09, 2020","1,671.60","1,674.60","1,643.00","1,659.10","1,659.10",48
GC=F,"Mar 08, 2020","1,696.10","1,701.60","1,657.70","1,674.50","1,674.50",161
GC=F,"Mar 06, 2020","1,670.80","1,686.20","1,647.20","1,670.80","1,670.80",175
GC=F,"Mar 05, 2020","1,637.30","1,672.90","1,637.20","1,666.40","1,666.40",154
GC=F,"Mar 04, 2020","1,645.40","1,645.90","1,631.30","1,641.10","1,641.10",83
GC=F,"Mar 03, 2020","1,594.50","1,645.30","1,594.00","1,642.10","1,642.10",610
GC=F,"Mar 02, 2020","1,583.90","1,608.30","1,574.30","1,592.30","1,592.30",537
GC=F,"Feb 28, 2020","1,640.30","1,642.50","1,564.10","1,564.10","1,564.10",289
GC=F,"Feb 27, 2020","1,641.10","1,658.00","1,638.50","1,640.00","1,640.00",707
GC=F,"Feb 26, 2020","1,644.00","1,648.10","1,636.40","1,640.00","1,640.00","1,990"
GC=F,"Feb 25, 2020","1,645.10","1,653.70","1,632.30","1,646.90","1,646.90",409
GC=F,"Feb 24, 2020","1,657.00","1,686.60","1,650.00","1,672.40","1,672.40",435
GC=F,"Feb 21, 2020","1,619.30","1,645.00","1,619.30","1,644.60","1,644.60",186
GC=F,"Feb 20, 2020","1,606.50","1,621.00","1,603.00","1,616.60","1,616.60",117
GC=F,"Feb 19, 2020","1,600.60","1,610.50","1,599.70","1,607.50","1,607.50",542
GC=F,"Feb 18, 2020","1,579.80","1,604.30","1,579.80","1,600.00","1,600.00",310
GC=F,"Feb 14, 2020","1,575.80","1,582.70","1,574.80","1,582.70","1,582.70",68
GC=F,"Feb 13, 2020","1,570.20","1,575.10","1,570.20","1,575.10","1,575.10",74
GC=F,"Feb 12, 2020","1,565.20","1,568.70","1,561.00","1,567.40","1,567.40",36
GC=F,"Feb 11, 2020","1,570.90","1,571.10","1,561.90","1,565.60","1,565.60",440
GC=F,"Feb 10, 2020","1,569.30","1,574.70","1,568.60","1,574.70","1,574.70",128
GC=F,"Feb 07, 2020","1,564.90","1,571.90","1,560.50","1,568.60","1,568.60",431
GC=F,"Feb 06, 2020","1,553.60","1,565.60","1,551.60","1,565.10","1,565.10",110
GC=F,"Feb 05, 2020","1,553.20","1,560.70","1,547.70","1,557.80","1,557.80","1,305"
GC=F,"Feb 04, 2020","1,577.70","1,577.70","1,547.80","1,550.40","1,550.40",978
GC=F,"Feb 03, 2020","1,592.90","1,593.30","1,568.20","1,577.20","1,577.20","1,062"
GC=F,"Jan 31, 2020","1,573.40","1,589.00","1,570.00","1,582.90","1,582.90","1,095"
GC=F,"Jan 30, 2020","1,576.80","1,585.00","1,571.40","1,583.50","1,583.50","62,336"
GC=F,"Jan 29, 2020","1,569.80","1,569.80","1,569.80","1,569.80","1,569.80","251,274"
GC=F,"Jan 28, 2020","1,576.40","1,576.40","1,569.20","1,569.20","1,569.20",3
GC=F,"Jan 27, 2020","1,584.30","1,584.50","1,576.80","1,576.80","1,576.80",22
GC=F,"Jan 24, 2020","1,556.30","1,571.10","1,556.30","1,571.10","1,571.10",43
GC=F,"Jan 23, 2020","1,553.10","1,564.60","1,552.20","1,564.60","1,564.60",15
GC=F,"Jan 22, 2020","1,549.80","1,557.10","1,549.80","1,555.30","1,555.30",42
GC=F,"Jan 21, 2020","1,559.30","1,566.20","1,551.00","1,556.40","1,556.40",45
GC=F,"Jan 17, 2020","1,554.10","1,558.80","1,553.60","1,558.80","1,558.80",108
GC=F,"Jan 16, 2020","1,555.70","1,556.10","1,548.50","1,549.00","1,549.00",98
GC=F,"Jan 15, 2020","1,548.00","1,553.90","1,545.60","1,552.10","1,552.10",11
GC=F,"Jan 14, 2020","1,546.70","1,546.70","1,534.90","1,542.40","1,542.40",32
GC=F,"Jan 13, 2020","1,557.40","1,558.00","1,548.40","1,548.40","1,548.40",48
GC=F,"Jan 10, 2020","1,551.20","1,558.80","1,545.40","1,557.50","1,557.50",16
GC=F,"Jan 09, 2020","1,555.70","1,555.70","1,543.30","1,551.70","1,551.70",54
GC=F,"Jan 08, 2020","1,579.70","1,604.20","1,552.30","1,557.40","1,557.40",236
GC=F,"Jan 07, 2020","1,558.30","1,576.30","1,558.30","1,571.80","1,571.80",47
GC=F,"Jan 06, 2020","1,580.00","1,580.00","1,560.40","1,566.20","1,566.20",416
GC=F,"Jan 03, 2020","1,530.10","1,552.70","1,530.10","1,549.20","1,549.20",107
GC=F,"Jan 02, 2020","1,518.10","1,528.70","1,518.00","1,524.50","1,524.50",214
GC=F,"Dec 31, 2019","1,513.80","1,523.40","1,513.80","1,519.50","1,519.50",301
GC=F,"Dec 30, 2019","1,512.60","1,515.10","1,510.00","1,514.50","1,514.50",446
symbol,date,open,high,low,close,adjusted Close,volume
GC=F,"Dec 27, 2019","1,513.80","1,513.80","1,513.80","1,513.80","1,513.80",839
GC=F,"Dec 26, 2019","1,505.20","1,512.30","1,505.00","1,509.30","1,509.30",126
GC=F,"Dec 24, 2019","1,488.70","1,499.10","1,488.70","1,499.10","1,499.10",52
GC=F,"Dec 23, 2019","1,482.30","1,482.50","1,479.90","1,482.50","1,482.50",391
GC=F,"Dec 20, 2019","1,476.70","1,478.10","1,474.70","1,474.70","1,474.70",118
GC=F,"Dec 19, 2019","1,475.90","1,478.90","1,473.30","1,478.20","1,478.20",319
GC=F,"Dec 18, 2019","1,472.60","1,472.60","1,472.60","1,472.60","1,472.60",250
GC=F,"Dec 17, 2019","1,474.10","1,476.90","1,474.00","1,474.60","1,474.60",410
GC=F,"Dec 16, 2019","1,473.80","1,475.30","1,473.80","1,475.00","1,475.00",99
GC=F,"Dec 13, 2019","1,463.10","1,475.90","1,463.10","1,475.60","1,475.60",468
GC=F,"Dec 12, 2019","1,475.10","1,483.90","1,463.70","1,466.70","1,466.70",955
GC=F,"Dec 11, 2019","1,463.10","1,475.40","1,463.10","1,469.40","1,469.40",393
GC=F,"Dec 10, 2019","1,460.70","1,467.20","1,460.70","1,462.60","1,462.60",367
GC=F,"Dec 09, 2019","1,458.80","1,464.20","1,458.60","1,459.30","1,459.30","1,461"
GC=F,"Dec 06, 2019","1,475.00","1,476.00","1,458.20","1,459.10","1,459.10",899
GC=F,"Dec 05, 2019","1,474.70","1,478.00","1,472.30","1,476.90","1,476.90",907
GC=F,"Dec 04, 2019","1,477.50","1,483.40","1,471.20","1,474.00","1,474.00",613
GC=F,"Dec 03, 2019","1,461.60","1,480.40","1,459.50","1,478.20","1,478.20","1,460"
GC=F,"Dec 02, 2019","1,462.80","1,464.40","1,453.30","1,462.30","1,462.30","2,172"
GC=F,"Nov 29, 2019","1,453.60","1,465.60","1,452.10","1,465.60","1,465.60","7,020"
GC=F,"Nov 27, 2019","1,461.10","1,461.90","1,452.00","1,453.40","1,453.40","88,364"
GC=F,"Nov 26, 2019","1,459.80","1,459.80","1,459.80","1,459.80","1,459.80","346,362"
GC=F,"Nov 25, 2019","1,457.10","1,457.10","1,455.50","1,456.60","1,456.60",14
GC=F,"Nov 22, 2019","1,468.60","1,468.60","1,463.10","1,463.10","1,463.10",19
GC=F,"Nov 21, 2019","1,463.10","1,463.10","1,463.10","1,463.10","1,463.10",16
GC=F,"Nov 20, 2019","1,472.60","1,474.50","1,467.30","1,473.30","1,473.30",31
GC=F,"Nov 19, 2019","1,467.70","1,474.30","1,467.70","1,473.30","1,473.30",18
GC=F,"Nov 18, 2019","1,472.00","1,472.00","1,469.70","1,470.90","1,470.90",141
GC=F,"Nov 15, 2019","1,469.10","1,469.10","1,467.30","1,467.30","1,467.30",13
GC=F,"Nov 14, 2019","1,463.80","1,471.80","1,463.70","1,471.80","1,471.80",83
GC=F,"Nov 13, 2019","1,456.80","1,463.30","1,456.80","1,461.70","1,461.70",56
GC=F,"Nov 12, 2019","1,454.90","1,454.90","1,447.10","1,452.10","1,452.10",6
GC=F,"Nov 11, 2019","1,461.00","1,461.00","1,449.30","1,455.50","1,455.50",22
GC=F,"Nov 08, 2019","1,469.10","1,469.10","1,461.30","1,461.30","1,461.30",21
GC=F,"Nov 07, 2019","1,489.10","1,489.10","1,464.20","1,464.20","1,464.20",581
GC=F,"Nov 06, 2019","1,483.20","1,491.00","1,483.20","1,490.20","1,490.20",567
GC=F,"Nov 05, 2019","1,507.10","1,507.10","1,480.80","1,480.80","1,480.80",31
GC=F,"Nov 04, 2019","1,511.60","1,511.60","1,508.00","1,508.00","1,508.00",101
GC=F,"Oct 31, 2019","1,511.00","1,511.60","1,503.00","1,508.00","1,508.00",235
GC=F,"Oct 30, 2019","1,496.10","1,513.10","1,496.10","1,511.40","1,511.40",210
GC=F,"Oct 29, 2019","1,487.20","1,495.40","1,481.00","1,493.20","1,493.20",320
GC=F,"Oct 28, 2019","1,485.90","1,487.00","1,485.90","1,487.00","1,487.00",425
GC=F,"Oct 27, 2019","1,504.10","1,504.10","1,490.00","1,490.00","1,490.00",37
GC=F,"Oct 24, 2019","1,501.40","1,514.30","1,499.00","1,499.50","1,499.50",93
GC=F,"Oct 23, 2019","1,490.50","1,501.20","1,485.90","1,498.90","1,498.90",115
GC=F,"Oct 22, 2019","1,486.40","1,490.30","1,486.40","1,489.90","1,489.90",67
GC=F,"Oct 21, 2019","1,483.40","1,483.50","1,481.70","1,481.70","1,481.70",99
GC=F,"Oct 20, 2019","1,489.90","1,489.90","1,481.50","1,482.40","1,482.40",72
GC=F,"Oct 17, 2019","1,487.30","1,489.10","1,486.60","1,488.20","1,488.20",82
GC=F,"Oct 16, 2019","1,486.20","1,493.20","1,485.80","1,492.30","1,492.30",271
GC=F,"Oct 15, 2019","1,482.00","1,488.00","1,480.00","1,488.00","1,488.00",383
GC=F,"Oct 14, 2019","1,488.90","1,495.40","1,476.60","1,477.60","1,477.60",367
GC=F,"Oct 13, 2019","1,484.40","1,493.50","1,481.30","1,491.70","1,491.70",400
GC=F,"Oct 10, 2019","1,491.90","1,494.90","1,476.90","1,482.70","1,482.70",57
GC=F,"Oct 09, 2019","1,511.20","1,511.20","1,490.60","1,494.80","1,494.80",78
GC=F,"Oct 08, 2019","1,507.70","1,507.70","1,498.40","1,506.10","1,506.10",120
GC=F,"Oct 07, 2019","1,489.40","1,506.30","1,489.30","1,497.20","1,497.20",46
GC=F,"Oct 06, 2019","1,504.80","1,505.80","1,489.10","1,497.70","1,497.70",121
GC=F,"Oct 03, 2019","1,505.60","1,508.70","1,497.10","1,506.20","1,506.20",233
GC=F,"Oct 02, 2019","1,497.40","1,518.20","1,496.60","1,507.10","1,507.10","1,213"
GC=F,"Oct 01, 2019","1,476.60","1,503.70","1,474.10","1,501.00","1,501.00",205
GC=F,"Sep 30, 2019","1,468.70","1,485.50","1,458.30","1,482.00","1,482.00",219
GC=F,"Sep 29, 2019","1,495.90","1,495.90","1,463.50","1,465.70","1,465.70","1,078"
GC=F,"Sep 26, 2019","1,504.20","1,506.10","1,485.60","1,499.10","1,499.10","7,827"
GC=F,"Sep 25, 2019","1,507.50","1,507.50","1,507.50","1,507.50","1,507.50","8,178"
GC=F,"Sep 24, 2019","1,527.60","1,527.90","1,504.60","1,504.60","1,504.60",25
GC=F,"Sep 23, 2019","1,515.10","1,533.00","1,515.10","1,532.10","1,532.10",25
GC=F,"Sep 22, 2019","1,515.50","1,523.70","1,515.50","1,523.70","1,523.70",5
GC=F,"Sep 19, 2019","1,503.00","1,507.30","1,503.00","1,507.30","1,507.30",2
GC=F,"Sep 18, 2019","1,496.10","1,502.40","1,496.10","1,498.40","1,498.40",10
GC=F,"Sep 17, 2019","1,508.90","1,509.40","1,489.30","1,507.50","1,507.50",8
GC=F,"Sep 16, 2019","1,497.90","1,505.10","1,497.90","1,505.10","1,505.10",3
GC=F,"Sep 15, 2019","1,506.60","1,506.80","1,496.90","1,503.10","1,503.10",21
GC=F,"Sep 12, 2019","1,490.90","1,490.90","1,486.90","1,490.90","1,490.90",1
GC=F,"Sep 11, 2019","1,499.50","1,515.40","1,498.70","1,498.70","1,498.70",27
GC=F,"Sep 10, 2019","1,491.70","1,496.60","1,490.20","1,494.40","1,494.40",8
GC=F,"Sep 09, 2019","1,498.50","1,498.50","1,486.90","1,490.30","1,490.30",23
GC=F,"Sep 08, 2019","1,509.00","1,513.00","1,498.00","1,502.20","1,502.20",69
GC=F,"Sep 05, 2019","1,517.30","1,526.00","1,504.50","1,506.20","1,506.20",54
GC=F,"Sep 04, 2019","1,551.00","1,551.10","1,511.10","1,515.40","1,515.40",125
GC=F,"Sep 03, 2019","1,549.00","1,553.20","1,534.80","1,550.30","1,550.30",46
GC=F,"Sep 02, 2019","1,522.90","1,547.30","1,521.00","1,545.90","1,545.90",139
GC=F,"Aug 29, 2019","1,524.60","1,530.40","1,516.70","1,519.10","1,519.10",276
GC=F,"Aug 28, 2019","1,537.50","1,549.30","1,519.60","1,526.50","1,526.50",704
GC=F,"Aug 27, 2019","1,538.10","1,538.10","1,537.80","1,537.80","1,537.80","2,756"
GC=F,"Aug 26, 2019","1,530.50","1,542.10","1,528.50","1,541.00","1,541.00",166
GC=F,"Aug 25, 2019","1,543.20","1,543.30","1,524.30","1,526.30","1,526.30",334
GC=F,"Aug 22, 2019","1,493.50","1,527.60","1,493.50","1,526.60","1,526.60",983
GC=F,"Aug 21, 2019","1,495.10","1,497.30","1,493.80","1,497.30","1,497.30",686
GC=F,"Aug 20, 2019","1,504.90","1,505.00","1,498.80","1,504.60","1,504.60",350
GC=F,"Aug 19, 2019","1,497.50","1,506.10","1,497.50","1,504.60","1,504.60",486
GC=F,"Aug 18, 2019","1,507.20","1,507.60","1,492.90","1,500.40","1,500.40",205
GC=F,"Aug 15, 2019","1,524.60","1,524.60","1,504.70","1,512.50","1,512.50","1,815"
GC=F,"Aug 14, 2019","1,519.80","1,522.70","1,510.60","1,519.60","1,519.60",87
GC=F,"Aug 13, 2019","1,500.00","1,520.50","1,497.00","1,515.90","1,515.90",328
GC=F,"Aug 12, 2019","1,510.40","1,531.40","1,483.70","1,502.20","1,502.20",672
GC=F,"Aug 11, 2019","1,496.00","1,514.90","1,488.10","1,505.30","1,505.30",257
GC=F,"Aug 08, 2019","1,506.20","1,507.50","1,495.60","1,496.60","1,496.60",74
symbol,date,open,high,low,close,adjusted Close,volume
GC=F,"Aug 07, 2019","1,498.40","1,508.50","1,492.00","1,497.70","1,497.70",367
GC=F,"Aug 06, 2019","1,473.50","1,509.90","1,473.20","1,507.30","1,507.30",824
GC=F,"Aug 05, 2019","1,469.70","1,475.00","1,457.70","1,472.40","1,472.40",460
GC=F,"Aug 04, 2019","1,440.40","1,469.70","1,440.40","1,464.60","1,464.60","1,008"
GC=F,"Aug 01, 2019","1,448.00","1,448.00","1,432.30","1,445.60","1,445.60","1,873"
GC=F,"Jul 31, 2019","1,411.30","1,445.20","1,400.90","1,420.90","1,420.90","2,431"
GC=F,"Jul 30, 2019","1,431.30","1,435.80","1,411.20","1,426.10","1,426.10","3,294"
GC=F,"Jul 29, 2019","1,426.30","1,433.90","1,422.10","1,429.70","1,429.70","73,874"
GC=F,"Jul 28, 2019","1,419.60","1,419.60","1,419.60","1,419.60","1,419.60","224,267"
GC=F,"Jul 25, 2019","1,422.80","1,423.00","1,418.50","1,418.50","1,418.50",5
GC=F,"Jul 24, 2019","1,413.90","1,413.90","1,413.90","1,413.90","1,413.90",4
GC=F,"Jul 23, 2019","1,422.80","1,422.80","1,422.80","1,422.80","1,422.80",20
GC=F,"Jul 22, 2019","1,418.60","1,421.30","1,416.30","1,420.10","1,420.10",5
GC=F,"Jul 21, 2019","1,425.30","1,425.30","1,424.00","1,425.30","1,425.30",1
GC=F,"Jul 18, 2019","1,440.50","1,442.00","1,425.10","1,425.10","1,425.10",22
GC=F,"Jul 17, 2019","1,422.30","1,444.20","1,419.50","1,426.10","1,426.10",66
GC=F,"Jul 16, 2019","1,404.60","1,421.30","1,404.60","1,421.30","1,421.30",6
GC=F,"Jul 15, 2019","1,413.60","1,413.70","1,405.00","1,409.20","1,409.20",13
GC=F,"Jul 14, 2019","1,414.40","1,415.00","1,411.40","1,411.40","1,411.40",25
GC=F,"Jul 11, 2019","1,405.60","1,410.10","1,405.60","1,409.90","1,409.90",8
GC=F,"Jul 10, 2019","1,424.00","1,424.00","1,404.30","1,404.30","1,404.30",6
GC=F,"Jul 09, 2019","1,409.90","1,410.10","1,409.90","1,410.10","1,410.10",50
GC=F,"Jul 08, 2019","1,394.50","1,397.50","1,386.20","1,397.50","1,397.50",53
GC=F,"Jul 07, 2019","1,395.90","1,397.00","1,393.60","1,397.00","1,397.00",14
GC=F,"Jul 04, 2019","1,418.30","1,418.30","1,390.20","1,396.70","1,396.70",20
GC=F,"Jul 03, 2019","1,431.00","1,434.00","1,413.10","1,417.70","1,417.70",46
GC=F,"Jul 01, 2019","1,391.10","1,418.40","1,390.80","1,404.60","1,404.60",38
GC=F,"Jun 30, 2019","1,386.60","1,395.80","1,382.80","1,385.60","1,385.60",214
GC=F,"Jun 27, 2019","1,408.30","1,422.00","1,408.30","1,409.70","1,409.70",356
GC=F,"Jun 26, 2019","1,407.00","1,410.80","1,399.80","1,408.40","1,408.40",437
GC=F,"Jun 25, 2019","1,407.20","1,413.30","1,405.80","1,411.60","1,411.60","1,333"
GC=F,"Jun 24, 2019","1,418.10","1,433.30","1,414.90","1,414.90","1,414.90",105
GC=F,"Jun 23, 2019","1,406.00","1,420.60","1,402.10","1,414.30","1,414.30",125
GC=F,"Jun 20, 2019","1,406.00","1,406.00","1,390.30","1,396.20","1,396.20",35
GC=F,"Jun 19, 2019","1,381.50","1,392.90","1,379.50","1,392.90","1,392.90",76
GC=F,"Jun 18, 2019","1,344.00","1,344.60","1,344.00","1,344.60","1,344.60",129
GC=F,"Jun 17, 2019","1,349.30","1,349.30","1,341.60","1,346.60","1,346.60",29
GC=F,"Jun 16, 2019","1,339.00","1,340.30","1,335.00","1,338.70","1,338.70",76
GC=F,"Jun 13, 2019","1,345.40","1,355.40","1,339.30","1,340.10","1,340.10",914
GC=F,"Jun 12, 2019","1,331.60","1,341.10","1,331.60","1,339.20","1,339.20",157
GC=F,"Jun 11, 2019","1,326.90","1,334.50","1,326.90","1,331.90","1,331.90",139
GC=F,"Jun 10, 2019","1,328.40","1,328.40","1,319.10","1,326.40","1,326.40",201
GC=F,"Jun 09, 2019","1,335.80","1,336.50","1,324.10","1,324.70","1,324.70",268
GC=F,"Jun 06, 2019","1,333.10","1,347.70","1,329.80","1,341.20","1,341.20",240
GC=F,"Jun 05, 2019","1,330.80","1,338.70","1,326.20","1,337.60","1,337.60",161
GC=F,"Jun 04, 2019","1,328.90","1,343.30","1,326.30","1,328.30","1,328.30",622
GC=F,"Jun 03, 2019","1,324.30","1,328.60","1,320.80","1,323.40","1,323.40",302
GC=F,"Jun 02, 2019","1,307.00","1,327.80","1,307.00","1,322.70","1,322.70",812
GC=F,"May 30, 2019","1,287.70","1,306.40","1,287.50","1,305.80","1,305.80","2,814"
GC=F,"May 29, 2019","1,279.40","1,288.30","1,273.90","1,287.10","1,287.10","55,573"
GC=F,"May 28, 2019","1,280.60","1,280.60","1,280.60","1,280.60","1,280.60","189,694"
GC=F,"May 27, 2019","1,276.50","1,276.50","1,276.50","1,276.50","1,276.50",-
GC=F,"May 23, 2019","1,283.00","1,283.00","1,283.00","1,283.00","1,283.00",9
GC=F,"May 22, 2019","1,284.80","1,284.80","1,284.80","1,284.80","1,284.80",-
GC=F,"May 21, 2019","1,273.60","1,273.60","1,273.60","1,273.60","1,273.60",-
GC=F,"May 20, 2019","1,272.00","1,272.00","1,272.00","1,272.00","1,272.00",-
GC=F,"May 19, 2019","1,276.10","1,276.10","1,276.10","1,276.10","1,276.10",20
GC=F,"May 16, 2019","1,280.00","1,280.00","1,274.50","1,274.50","1,274.50",1
GC=F,"May 15, 2019","1,285.20","1,285.40","1,285.00","1,285.00","1,285.00",3
GC=F,"May 14, 2019","1,296.90","1,296.90","1,296.00","1,296.30","1,296.30",55
GC=F,"May 13, 2019","1,297.80","1,297.80","1,294.70","1,294.70","1,294.70",6
GC=F,"May 12, 2019","1,286.70","1,300.10","1,281.80","1,300.10","1,300.10",56
GC=F,"May 09, 2019","1,285.40","1,286.50","1,283.30","1,285.70","1,285.70",6
GC=F,"May 08, 2019","1,278.90","1,285.00","1,278.80","1,283.50","1,283.50",38
GC=F,"May 07, 2019","1,279.40","1,279.40","1,279.40","1,279.40","1,279.40",5
GC=F,"May 06, 2019","1,280.50","1,283.50","1,280.50","1,283.50","1,283.50",8
GC=F,"May 05, 2019","1,282.20","1,282.20","1,280.30","1,281.70","1,281.70",12
GC=F,"May 02, 2019","1,270.10","1,279.20","1,270.10","1,279.20","1,279.20",15
GC=F,"May 01, 2019","1,269.20","1,270.80","1,266.60","1,269.70","1,269.70",63
GC=F,"Apr 30, 2019","1,278.70","1,283.30","1,278.70","1,281.40","1,281.40",70
GC=F,"Apr 29, 2019","1,281.70","1,283.30","1,280.80","1,282.80","1,282.80",114
GC=F,"Apr 28, 2019","1,284.80","1,284.90","1,277.10","1,278.60","1,278.60",568
GC=F,"Apr 25, 2019","1,284.90","1,284.90","1,284.90","1,284.90","1,284.90",804
GC=F,"Apr 24, 2019","1,280.60","1,280.80","1,275.80","1,275.80","1,275.80",95
GC=F,"Apr 23, 2019","1,268.40","1,275.50","1,267.80","1,275.50","1,275.50",518
GC=F,"Apr 22, 2019","1,266.40","1,269.80","1,266.00","1,269.30","1,269.30",206
GC=F,"Apr 21, 2019","1,273.50","1,273.50","1,273.50","1,273.50","1,273.50",147
GC=F,"Apr 17, 2019","1,270.80","1,273.60","1,270.10","1,271.90","1,271.90",27
GC=F,"Apr 16, 2019","1,273.50","1,273.50","1,271.60","1,272.20","1,272.20",308
GC=F,"Apr 15, 2019","1,285.20","1,285.20","1,272.20","1,272.60","1,272.60",643
GC=F,"Apr 14, 2019","1,284.80","1,287.30","1,282.30","1,286.80","1,286.80",523
GC=F,"Apr 11, 2019","1,293.40","1,293.40","1,289.20","1,290.60","1,290.60",607
GC=F,"Apr 10, 2019","1,307.00","1,307.10","1,288.60","1,288.60","1,288.60",420
GC=F,"Apr 09, 2019","1,304.00","1,309.10","1,301.50","1,309.10","1,309.10",66
GC=F,"Apr 08, 2019","1,298.50","1,304.90","1,298.50","1,303.50","1,303.50",30
GC=F,"Apr 07, 2019","1,292.20","1,302.10","1,291.80","1,297.10","1,297.10",63
GC=F,"Apr 04, 2019","1,292.00","1,292.00","1,283.60","1,290.40","1,290.40",181
GC=F,"Apr 03, 2019","1,290.60","1,292.60","1,279.50","1,289.00","1,289.00",269
GC=F,"Apr 02, 2019","1,291.40","1,293.10","1,287.50","1,289.90","1,289.90",172
GC=F,"Apr 01, 2019","1,286.30","1,290.90","1,284.50","1,290.00","1,290.00",525
GC=F,"Mar 31, 2019","1,291.80","1,295.90","1,285.70","1,288.40","1,288.40",675
GC=F,"Mar 28, 2019","1,289.60","1,298.50","1,286.10","1,293.00","1,293.00","1,265"
GC=F,"Mar 27, 2019","1,308.40","1,311.10","1,287.70","1,289.80","1,289.80","87,798"
GC=F,"Mar 26, 2019","1,309.90","1,309.90","1,309.90","1,309.90","1,309.90","206,263"
GC=F,"Mar 25, 2019","1,315.60","1,315.60","1,314.30","1,314.30","1,314.30",1
GC=F,"Mar 24, 2019","1,320.70","1,322.90","1,320.70","1,321.90","1,321.90",19
GC=F,"Mar 21, 2019","1,311.60","1,311.60","1,311.60","1,311.60","1,311.60",-
GC=F,"Mar 20, 2019","1,306.10","1,306.10","1,306.10","1,306.10","1,306.10",-
symbol,date,open,high,low,close,adjusted Close,volume
GC=F,"Mar 19, 2019","1,300.70","1,300.70","1,300.50","1,300.50","1,300.50",2
GC=F,"Mar 18, 2019","1,306.90","1,306.90","1,304.80","1,305.00","1,305.00",20
GC=F,"Mar 17, 2019","1,297.30","1,302.20","1,297.30","1,300.30","1,300.30",8
GC=F,"Mar 14, 2019","1,300.90","1,304.70","1,300.50","1,301.80","1,301.80",26
GC=F,"Mar 13, 2019","1,293.40","1,293.40","1,293.40","1,293.40","1,293.40",1
GC=F,"Mar 12, 2019","1,307.50","1,307.50","1,307.50","1,307.50","1,307.50",-
GC=F,"Mar 11, 2019","1,294.70","1,296.30","1,294.70","1,296.30","1,296.30",1
GC=F,"Mar 10, 2019","1,291.00","1,291.00","1,288.80","1,288.80","1,288.80",9
GC=F,"Mar 08, 2019","1,292.10","1,297.40","1,291.60","1,297.00","1,297.00",10
GC=F,"Mar 07, 2019","1,281.00","1,284.60","1,281.00","1,283.80","1,283.80",11
GC=F,"Mar 06, 2019","1,287.10","1,287.10","1,282.60","1,284.90","1,284.90",14
GC=F,"Mar 05, 2019","1,287.00","1,287.00","1,282.00","1,282.00","1,282.00",114
GC=F,"Mar 04, 2019","1,285.50","1,287.00","1,281.90","1,284.80","1,284.80",28
GC=F,"Mar 01, 2019","1,312.20","1,312.20","1,288.90","1,296.40","1,296.40",110
GC=F,"Feb 28, 2019","1,321.10","1,323.70","1,311.50","1,312.80","1,312.80",141
GC=F,"Feb 27, 2019","1,327.70","1,327.90","1,316.50","1,317.70","1,317.70",604
GC=F,"Feb 26, 2019","1,323.30","1,325.50","1,323.30","1,325.10","1,325.10",939
GC=F,"Feb 25, 2019","1,329.20","1,331.60","1,325.60","1,325.90","1,325.90",185
GC=F,"Feb 22, 2019","1,324.20","1,331.30","1,321.00","1,329.20","1,329.20",718
GC=F,"Feb 21, 2019","1,331.30","1,334.90","1,320.90","1,323.50","1,323.50",414
GC=F,"Feb 20, 2019","1,342.20","1,344.00","1,338.00","1,343.30","1,343.30",581
GC=F,"Feb 19, 2019","1,320.90","1,340.10","1,320.50","1,340.10","1,340.10",390
GC=F,"Feb 15, 2019","1,313.60","1,318.80","1,313.60","1,318.10","1,318.10",190
GC=F,"Feb 14, 2019","1,305.00","1,311.80","1,301.60","1,309.80","1,309.80",858
GC=F,"Feb 13, 2019","1,311.60","1,316.00","1,308.10","1,310.80","1,310.80",143
GC=F,"Feb 12, 2019","1,310.00","1,312.00","1,307.60","1,309.20","1,309.20",109
GC=F,"Feb 11, 2019","1,313.40","1,313.40","1,304.70","1,307.00","1,307.00",119
GC=F,"Feb 08, 2019","1,309.50","1,314.00","1,307.80","1,313.70","1,313.70",122
GC=F,"Feb 07, 2019","1,302.90","1,310.40","1,302.20","1,309.40","1,309.40",203
GC=F,"Feb 06, 2019","1,312.50","1,313.50","1,305.00","1,309.50","1,309.50",358
GC=F,"Feb 05, 2019","1,311.10","1,315.10","1,311.00","1,314.20","1,314.20",362
GC=F,"Feb 04, 2019","1,318.10","1,318.10","1,308.30","1,314.30","1,314.30",675
GC=F,"Feb 01, 2019","1,320.30","1,320.70","1,315.40","1,316.90","1,316.90",878
GC=F,"Jan 31, 2019","1,320.00","1,325.40","1,316.70","1,319.70","1,319.70","1,970"
GC=F,"Jan 30, 2019","1,310.40","1,323.40","1,308.10","1,309.90","1,309.90","54,958"
GC=F,"Jan 29, 2019","1,308.20","1,308.20","1,308.20","1,308.20","1,308.20","213,607"
GC=F,"Jan 28, 2019","1,300.80","1,307.10","1,298.40","1,302.40","1,302.40",54
GC=F,"Jan 25, 2019","1,297.40","1,297.40","1,297.40","1,297.40","1,297.40",-
GC=F,"Jan 24, 2019","1,279.10","1,279.10","1,278.50","1,279.10","1,279.10",1
GC=F,"Jan 23, 2019","1,281.70","1,283.90","1,278.70","1,283.10","1,283.10",14
GC=F,"Jan 22, 2019","1,282.50","1,283.30","1,282.50","1,282.50","1,282.50",7
GC=F,"Jan 18, 2019","1,281.30","1,281.30","1,281.30","1,281.30","1,281.30",3
GC=F,"Jan 17, 2019","1,291.60","1,292.70","1,288.50","1,291.00","1,291.00",10
GC=F,"Jan 16, 2019","1,291.60","1,291.60","1,291.60","1,291.60","1,291.60",2
GC=F,"Jan 15, 2019","1,290.10","1,292.70","1,286.20","1,286.20","1,286.20",3
GC=F,"Jan 14, 2019","1,292.40","1,293.90","1,289.10","1,289.10","1,289.10",7
GC=F,"Jan 11, 2019","1,291.20","1,291.20","1,286.30","1,287.10","1,287.10",11
GC=F,"Jan 10, 2019","1,284.70","1,284.70","1,284.70","1,284.70","1,284.70",-
GC=F,"Jan 09, 2019","1,279.40","1,289.30","1,279.20","1,289.30","1,289.30",102
GC=F,"Jan 08, 2019","1,280.50","1,283.20","1,278.20","1,283.20","1,283.20",54
GC=F,"Jan 07, 2019","1,286.80","1,286.80","1,286.60","1,286.80","1,286.80",2
GC=F,"Jan 04, 2019","1,294.20","1,294.20","1,275.30","1,282.70","1,282.70",34
GC=F,"Jan 03, 2019","1,286.80","1,292.00","1,286.70","1,291.80","1,291.80",10
GC=F,"Jan 02, 2019","1,286.00","1,286.00","1,277.60","1,281.00","1,281.00",149
GC=F,"Dec 31, 2018","1,278.00","1,281.30","1,277.60","1,278.30","1,278.30",19
GC=F,"Dec 28, 2018","1,273.50","1,280.10","1,273.50","1,279.90","1,279.90",805
GC=F,"Dec 27, 2018","1,276.70","1,277.30","1,276.70","1,277.30","1,277.30",480
GC=F,"Dec 26, 2018","1,269.30","1,277.40","1,269.20","1,269.20","1,269.20",63
GC=F,"Dec 24, 2018","1,260.30","1,268.50","1,260.30","1,267.50","1,267.50",27
GC=F,"Dec 21, 2018","1,260.30","1,261.30","1,253.80","1,253.80","1,253.80",96
GC=F,"Dec 20, 2018","1,243.20","1,263.60","1,243.20","1,263.60","1,263.60",49
GC=F,"Dec 19, 2018","1,255.80","1,255.80","1,252.10","1,252.10","1,252.10",268
GC=F,"Dec 18, 2018","1,248.20","1,249.20","1,245.60","1,249.20","1,249.20",31
GC=F,"Dec 17, 2018","1,239.30","1,247.40","1,239.30","1,247.40","1,247.40",10
GC=F,"Dec 14, 2018","1,241.70","1,241.70","1,234.10","1,237.00","1,237.00",33
GC=F,"Dec 13, 2018","1,243.50","1,243.50","1,241.00","1,242.70","1,242.70",194
GC=F,"Dec 12, 2018","1,245.30","1,245.60","1,244.10","1,244.40","1,244.40",84
GC=F,"Dec 11, 2018","1,245.80","1,248.70","1,241.50","1,241.90","1,241.90",117
GC=F,"Dec 10, 2018","1,249.60","1,249.60","1,241.70","1,243.70","1,243.70",131
GC=F,"Dec 07, 2018","1,238.30","1,249.80","1,237.60","1,246.80","1,246.80",211
GC=F,"Dec 06, 2018","1,237.50","1,244.40","1,234.80","1,238.10","1,238.10",434
GC=F,"Dec 04, 2018","1,231.00","1,241.40","1,230.40","1,241.10","1,241.10",474
GC=F,"Dec 03, 2018","1,222.50","1,234.10","1,221.30","1,233.90","1,233.90",751
GC=F,"Nov 30, 2018","1,224.10","1,225.00","1,216.10","1,220.20","1,220.20","2,060"
GC=F,"Nov 29, 2018","1,221.00","1,228.70","1,220.50","1,224.10","1,224.10","55,478"
GC=F,"Nov 28, 2018","1,211.50","1,221.40","1,211.50","1,221.40","1,221.40","247,168"
GC=F,"Nov 27, 2018","1,221.90","1,222.00","1,211.20","1,211.20","1,211.20",5
GC=F,"Nov 26, 2018","1,220.20","1,222.00","1,220.20","1,220.20","1,220.20",2
GC=F,"Nov 23, 2018","1,224.80","1,224.80","1,221.00","1,221.00","1,221.00",1
GC=F,"Nov 21, 2018","1,225.80","1,225.80","1,225.80","1,225.80","1,225.80",-
GC=F,"Nov 20, 2018","1,225.30","1,228.80","1,219.00","1,219.00","1,219.00",12
GC=F,"Nov 19, 2018","1,223.10","1,223.10","1,223.10","1,223.10","1,223.10",-
GC=F,"Nov 16, 2018","1,216.70","1,223.80","1,216.70","1,220.80","1,220.80",5
GC=F,"Nov 15, 2018","1,212.80","1,212.80","1,212.80","1,212.80","1,212.80",-
GC=F,"Nov 14, 2018","1,207.90","1,207.90","1,207.90","1,207.90","1,207.90",-
GC=F,"Nov 13, 2018","1,196.30","1,201.30","1,196.30","1,199.20","1,199.20",5
GC=F,"Nov 12, 2018","1,201.60","1,201.60","1,201.30","1,201.30","1,201.30",1
GC=F,"Nov 09, 2018","1,207.90","1,207.90","1,206.40","1,206.40","1,206.40",14
GC=F,"Nov 08, 2018","1,222.90","1,222.90","1,222.90","1,222.90","1,222.90",2
GC=F,"Nov 07, 2018","1,228.60","1,228.60","1,226.20","1,226.20","1,226.20",1
GC=F,"Nov 06, 2018","1,230.70","1,233.80","1,223.80","1,223.80","1,223.80",4
GC=F,"Nov 05, 2018","1,230.60","1,231.50","1,226.70","1,229.80","1,229.80",15
GC=F,"Nov 01, 2018","1,233.30","1,233.30","1,230.90","1,230.90","1,230.90",18
GC=F,"Oct 31, 2018","1,215.40","1,236.00","1,215.40","1,236.00","1,236.00",14
GC=F,"Oct 30, 2018","1,216.00","1,216.60","1,212.00","1,212.30","1,212.30",121
symbol,date,open,high,low,close,adjusted Close,volume
GC=F,"Oct 29, 2018","1,227.70","1,227.70","1,219.80","1,222.60","1,222.60",72
GC=F,"Oct 28, 2018","1,224.50","1,224.50","1,224.50","1,224.50","1,224.50",214
GC=F,"Oct 25, 2018","1,234.30","1,234.80","1,232.50","1,232.50","1,232.50",20
GC=F,"Oct 24, 2018","1,238.60","1,238.60","1,229.10","1,229.10","1,229.10",7
GC=F,"Oct 23, 2018","1,231.60","1,231.60","1,227.80","1,227.80","1,227.80",36
GC=F,"Oct 22, 2018","1,224.80","1,237.80","1,224.80","1,233.40","1,233.40",33
GC=F,"Oct 21, 2018","1,224.50","1,224.50","1,219.60","1,221.20","1,221.20",18
GC=F,"Oct 18, 2018","1,225.30","1,225.30","1,225.30","1,225.30","1,225.30",55
GC=F,"Oct 17, 2018","1,226.50","1,226.50","1,226.50","1,226.50","1,226.50",165
GC=F,"Oct 16, 2018","1,225.90","1,225.90","1,223.70","1,223.70","1,223.70",1
GC=F,"Oct 15, 2018","1,227.10","1,230.50","1,227.10","1,227.30","1,227.30",426
GC=F,"Oct 14, 2018","1,222.40","1,232.30","1,222.40","1,226.40","1,226.40",136
GC=F,"Oct 11, 2018","1,221.60","1,221.60","1,216.00","1,218.10","1,218.10",122
GC=F,"Oct 10, 2018","1,198.10","1,224.60","1,196.30","1,223.50","1,223.50",126
GC=F,"Oct 09, 2018","1,189.30","1,192.00","1,189.30","1,189.30","1,189.30","1,078"
GC=F,"Oct 08, 2018","1,185.60","1,189.10","1,185.60","1,187.20","1,187.20",9
GC=F,"Oct 07, 2018","1,201.00","1,201.00","1,183.70","1,184.40","1,184.40",250
GC=F,"Oct 04, 2018","1,197.10","1,205.30","1,196.90","1,201.20","1,201.20",34
GC=F,"Oct 03, 2018","1,199.30","1,204.60","1,197.20","1,197.20","1,197.20",496
GC=F,"Oct 02, 2018","1,202.60","1,202.60","1,196.60","1,198.30","1,198.30",76
GC=F,"Oct 01, 2018","1,193.00","1,206.00","1,190.30","1,202.40","1,202.40",451
GC=F,"Sep 30, 2018","1,191.60","1,191.60","1,185.80","1,187.10","1,187.10",180
GC=F,"Sep 27, 2018","1,181.70","1,191.90","1,180.00","1,191.50","1,191.50",404
GC=F,"Sep 26, 2018","1,194.60","1,197.30","1,180.50","1,182.30","1,182.30","4,947"
GC=F,"Sep 25, 2018","1,194.00","1,194.00","1,194.00","1,194.00","1,194.00","17,857"
GC=F,"Sep 24, 2018","1,202.10","1,202.80","1,200.00","1,200.00","1,200.00",21
GC=F,"Sep 23, 2018","1,199.30","1,199.30","1,199.30","1,199.30","1,199.30",-
GC=F,"Sep 20, 2018","1,196.20","1,196.20","1,196.20","1,196.20","1,196.20",-
GC=F,"Sep 19, 2018","1,206.20","1,206.20","1,206.20","1,206.20","1,206.20",-
GC=F,"Sep 18, 2018","1,202.20","1,202.20","1,202.20","1,202.20","1,202.20",-
GC=F,"Sep 17, 2018","1,198.70","1,198.70","1,196.80","1,196.80","1,196.80",2
GC=F,"Sep 16, 2018","1,199.70","1,199.70","1,199.70","1,199.70","1,199.70",-
GC=F,"Sep 13, 2018","1,195.00","1,195.00","1,195.00","1,195.00","1,195.00",1
GC=F,"Sep 12, 2018","1,203.40","1,203.40","1,200.00","1,202.00","1,202.00",22
GC=F,"Sep 11, 2018","1,205.00","1,205.00","1,204.70","1,204.70","1,204.70",37
GC=F,"Sep 10, 2018","1,190.40","1,196.30","1,190.40","1,195.40","1,195.40",21
GC=F,"Sep 09, 2018","1,193.00","1,193.00","1,193.00","1,193.00","1,193.00",11
GC=F,"Sep 06, 2018","1,198.30","1,198.30","1,193.10","1,193.60","1,193.60",29
GC=F,"Sep 05, 2018","1,202.00","1,202.00","1,197.90","1,197.90","1,197.90",7
GC=F,"Sep 04, 2018","1,192.50","1,196.00","1,192.50","1,194.90","1,194.90",21
GC=F,"Sep 03, 2018","1,193.80","1,193.80","1,189.90","1,192.70","1,192.70",26
GC=F,"Aug 30, 2018","1,207.10","1,208.20","1,199.10","1,200.30","1,200.30",191
GC=F,"Aug 29, 2018","1,205.40","1,205.60","1,196.00","1,197.70","1,197.70",493
GC=F,"Aug 28, 2018","1,205.20","1,205.20","1,202.40","1,204.50","1,204.50",817
GC=F,"Aug 27, 2018","1,209.70","1,217.00","1,202.30","1,207.40","1,207.40",136
GC=F,"Aug 26, 2018","1,210.30","1,211.40","1,205.20","1,209.00","1,209.00",154
GC=F,"Aug 23, 2018","1,185.30","1,208.00","1,185.30","1,206.30","1,206.30",12
GC=F,"Aug 22, 2018","1,189.30","1,190.30","1,184.90","1,187.00","1,187.00",95
GC=F,"Aug 21, 2018","1,194.70","1,196.30","1,194.70","1,196.30","1,196.30",17
GC=F,"Aug 20, 2018","1,189.80","1,192.60","1,189.80","1,192.60","1,192.60",22
GC=F,"Aug 19, 2018","1,184.80","1,190.00","1,184.40","1,186.80","1,186.80",68
GC=F,"Aug 16, 2018","1,174.70","1,181.20","1,174.70","1,176.50","1,176.50",66
GC=F,"Aug 15, 2018","1,173.20","1,180.20","1,161.40","1,176.20","1,176.20",123
GC=F,"Aug 14, 2018","1,187.80","1,188.10","1,174.60","1,177.50","1,177.50",71
GC=F,"Aug 13, 2018","1,193.10","1,197.50","1,192.80","1,193.00","1,193.00",92
GC=F,"Aug 12, 2018","1,207.00","1,207.40","1,191.30","1,191.30","1,191.30",78
GC=F,"Aug 09, 2018","1,212.50","1,216.40","1,205.60","1,211.10","1,211.10",75
GC=F,"Aug 08, 2018","1,214.50","1,215.30","1,211.60","1,211.90","1,211.90",44
GC=F,"Aug 07, 2018","1,212.00","1,215.20","1,205.90","1,212.60","1,212.60",209
GC=F,"Aug 06, 2018","1,207.80","1,214.80","1,207.80","1,209.60","1,209.60",715
GC=F,"Aug 05, 2018","1,214.40","1,214.40","1,206.60","1,208.60","1,208.60",297
GC=F,"Aug 02, 2018","1,206.50","1,218.60","1,205.10","1,214.20","1,214.20",784
GC=F,"Aug 01, 2018","1,214.70","1,219.30","1,205.80","1,210.60","1,210.60",411
GC=F,"Jul 31, 2018","1,222.90","1,223.70","1,214.40","1,217.90","1,217.90","1,026"
GC=F,"Jul 30, 2018","1,220.40","1,228.10","1,213.00","1,223.70","1,223.70","2,722"
GC=F,"Jul 29, 2018","1,222.50","1,223.90","1,218.10","1,221.30","1,221.30","62,239"
GC=F,"Jul 26, 2018","1,222.60","1,222.60","1,222.60","1,222.60","1,222.60","254,428"
GC=F,"Jul 25, 2018","1,227.80","1,227.80","1,225.30","1,225.30","1,225.30",1
GC=F,"Jul 24, 2018","1,231.40","1,231.40","1,231.40","1,231.40","1,231.40",-
GC=F,"Jul 23, 2018","1,223.90","1,223.90","1,223.90","1,223.90","1,223.90",-
GC=F,"Jul 22, 2018","1,222.00","1,224.00","1,222.00","1,224.00","1,224.00",1
GC=F,"Jul 19, 2018","1,229.50","1,229.50","1,229.50","1,229.50","1,229.50",-
GC=F,"Jul 18, 2018","1,227.20","1,228.00","1,211.70","1,222.40","1,222.40",33
GC=F,"Jul 17, 2018","1,226.70","1,226.70","1,222.20","1,226.30","1,226.30",67
GC=F,"Jul 16, 2018","1,225.70","1,225.70","1,225.70","1,225.70","1,225.70",-
GC=F,"Jul 15, 2018","1,242.70","1,243.80","1,238.10","1,238.10","1,238.10",2
GC=F,"Jul 12, 2018","1,244.70","1,247.00","1,239.60","1,239.60","1,239.60",2
GC=F,"Jul 11, 2018","1,240.90","1,246.70","1,240.90","1,245.00","1,245.00",7
GC=F,"Jul 10, 2018","1,253.20","1,253.20","1,242.80","1,242.80","1,242.80",30
GC=F,"Jul 09, 2018","1,256.20","1,256.90","1,249.30","1,253.80","1,253.80",65
GC=F,"Jul 08, 2018","1,258.20","1,262.30","1,257.70","1,258.10","1,258.10",37
GC=F,"Jul 05, 2018","1,255.50","1,255.50","1,254.30","1,254.30","1,254.30",7
GC=F,"Jul 04, 2018","1,255.50","1,257.30","1,253.60","1,257.30","1,257.30",9
GC=F,"Jul 03, 2018","1,238.10","1,254.10","1,237.00","1,251.60","1,251.60",36
GC=F,"Jul 01, 2018","1,249.90","1,249.90","1,239.80","1,239.80","1,239.80",29
GC=F,"Jun 28, 2018","1,250.30","1,253.30","1,249.10","1,251.30","1,251.30",48
GC=F,"Jun 27, 2018","1,251.70","1,251.70","1,244.80","1,247.80","1,247.80",378
GC=F,"Jun 26, 2018","1,255.50","1,255.50","1,252.30","1,252.80","1,252.80","1,162"
GC=F,"Jun 25, 2018","1,267.20","1,267.20","1,256.60","1,256.60","1,256.60",89
GC=F,"Jun 24, 2018","1,270.60","1,271.20","1,265.60","1,265.60","1,265.60",37
GC=F,"Jun 21, 2018","1,268.10","1,270.20","1,267.00","1,267.40","1,267.40",74
GC=F,"Jun 20, 2018","1,262.70","1,268.90","1,260.00","1,267.20","1,267.20",46
GC=F,"Jun 19, 2018","1,274.40","1,274.40","1,271.20","1,271.20","1,271.20",7
GC=F,"Jun 18, 2018","1,278.70","1,281.80","1,269.90","1,275.60","1,275.60",34
GC=F,"Jun 17, 2018","1,280.70","1,280.70","1,276.20","1,276.20","1,276.20",35
GC=F,"Jun 14, 2018","1,297.20","1,307.70","1,274.00","1,274.60","1,274.60",589
GC=F,"Jun 13, 2018","1,297.20","1,307.70","1,297.20","1,304.00","1,304.00",42
GC=F,"Jun 12, 2018","1,294.00","1,299.40","1,290.90","1,296.90","1,296.90",135
GC=F,"Jun 11, 2018","1,297.80","1,298.10","1,292.70","1,295.10","1,295.10",153
symbol,date,open,high,low,close,adjusted Close,volume
GC=F,"Jun 10, 2018","1,299.30","1,302.00","1,295.20","1,298.90","1,298.90",71
GC=F,"Jun 07, 2018","1,295.30","1,299.40","1,294.80","1,298.10","1,298.10",650
GC=F,"Jun 06, 2018","1,298.40","1,302.80","1,296.20","1,298.70","1,298.70",79
GC=F,"Jun 05, 2018","1,296.10","1,300.40","1,294.10","1,297.10","1,297.10",373
GC=F,"Jun 04, 2018","1,292.10","1,299.80","1,289.90","1,297.50","1,297.50",357
GC=F,"Jun 03, 2018","1,293.90","1,297.10","1,290.00","1,293.10","1,293.10",144
GC=F,"May 31, 2018","1,298.60","1,299.50","1,288.90","1,294.80","1,294.80",663
GC=F,"May 30, 2018","1,301.00","1,306.80","1,296.60","1,300.10","1,300.10","4,082"
GC=F,"May 29, 2018","1,298.00","1,303.70","1,295.20","1,301.50","1,301.50","50,845"
GC=F,"May 28, 2018","1,298.70","1,298.70","1,298.70","1,298.70","1,298.70","386,334"
GC=F,"May 24, 2018","1,303.30","1,303.30","1,303.30","1,303.30","1,303.30",1
GC=F,"May 23, 2018","1,303.70","1,303.70","1,303.70","1,303.70","1,303.70",-
GC=F,"May 22, 2018","1,289.30","1,289.30","1,289.30","1,289.30","1,289.30",10
GC=F,"May 21, 2018","1,291.70","1,291.70","1,291.70","1,291.70","1,291.70",50
GC=F,"May 20, 2018","1,287.40","1,292.10","1,287.40","1,290.20","1,290.20",52
GC=F,"May 17, 2018","1,285.20","1,290.20","1,285.20","1,290.20","1,290.20",2
GC=F,"May 16, 2018","1,291.30","1,291.30","1,288.20","1,288.20","1,288.20",2
GC=F,"May 15, 2018","1,290.90","1,294.00","1,285.40","1,290.20","1,290.20",26
GC=F,"May 14, 2018","1,304.60","1,304.70","1,288.90","1,288.90","1,288.90",8
GC=F,"May 13, 2018","1,319.90","1,319.90","1,316.50","1,316.50","1,316.50",4
GC=F,"May 10, 2018","1,319.00","1,319.00","1,319.00","1,319.00","1,319.00",3
GC=F,"May 09, 2018","1,312.20","1,320.80","1,312.20","1,320.80","1,320.80",8
GC=F,"May 08, 2018","1,311.30","1,311.30","1,311.30","1,311.30","1,311.30",70
GC=F,"May 07, 2018","1,310.10","1,312.00","1,308.50","1,312.00","1,312.00",337
GC=F,"May 06, 2018","1,310.60","1,312.50","1,310.20","1,312.20","1,312.20",4
GC=F,"May 03, 2018","1,312.70","1,312.70","1,312.70","1,312.70","1,312.70",-
GC=F,"May 02, 2018","1,310.70","1,310.70","1,310.70","1,310.70","1,310.70",4
GC=F,"May 01, 2018","1,309.00","1,309.30","1,302.60","1,302.60","1,302.60",23
GC=F,"Apr 30, 2018","1,313.20","1,313.80","1,303.40","1,303.80","1,303.80",28
GC=F,"Apr 29, 2018","1,309.60","1,316.20","1,309.60","1,316.20","1,316.20",49
GC=F,"Apr 26, 2018","1,315.30","1,321.70","1,312.80","1,320.30","1,320.30",622
GC=F,"Apr 25, 2018","1,315.70","1,316.30","1,315.70","1,316.30","1,316.30",569
GC=F,"Apr 24, 2018","1,324.00","1,325.00","1,320.00","1,321.20","1,321.20",278
GC=F,"Apr 23, 2018","1,326.40","1,331.70","1,326.20","1,331.40","1,331.40",28
GC=F,"Apr 22, 2018","1,334.00","1,334.40","1,322.50","1,322.50","1,322.50",68
GC=F,"Apr 19, 2018","1,342.50","1,343.40","1,335.30","1,336.70","1,336.70",310
GC=F,"Apr 18, 2018","1,348.60","1,355.20","1,341.60","1,346.80","1,346.80",387
GC=F,"Apr 17, 2018","1,343.50","1,354.20","1,343.50","1,351.20","1,351.20",45
GC=F,"Apr 16, 2018","1,348.00","1,348.10","1,339.00","1,347.20","1,347.20",409
GC=F,"Apr 15, 2018","1,341.00","1,348.80","1,341.00","1,347.50","1,347.50",60
GC=F,"Apr 12, 2018","1,335.90","1,346.00","1,335.90","1,344.80","1,344.80",67
GC=F,"Apr 11, 2018","1,351.20","1,351.50","1,334.60","1,338.40","1,338.40",34
GC=F,"Apr 10, 2018","1,340.10","1,365.40","1,340.10","1,356.50","1,356.50",118
GC=F,"Apr 09, 2018","1,335.20","1,342.00","1,333.00","1,342.00","1,342.00",105
GC=F,"Apr 08, 2018","1,333.00","1,337.50","1,327.00","1,336.30","1,336.30",290
GC=F,"Apr 05, 2018","1,326.50","1,333.00","1,319.00","1,331.90","1,331.90",348
GC=F,"Apr 04, 2018","1,333.50","1,333.70","1,322.60","1,324.30","1,324.30",258
GC=F,"Apr 03, 2018","1,331.80","1,347.30","1,331.60","1,335.80","1,335.80",718
GC=F,"Apr 02, 2018","1,340.40","1,341.50","1,328.50","1,332.80","1,332.80",702
GC=F,"Apr 01, 2018","1,327.00","1,344.20","1,324.70","1,342.10","1,342.10",649
GC=F,"Mar 28, 2018","1,324.00","1,327.10","1,321.70","1,322.80","1,322.80","5,585"
GC=F,"Mar 27, 2018","1,345.00","1,346.40","1,322.40","1,324.20","1,324.20","59,284"
GC=F,"Mar 26, 2018","1,341.00","1,341.30","1,341.00","1,341.30","1,341.30","290,889"
GC=F,"Mar 25, 2018","1,348.50","1,354.40","1,345.10","1,354.40","1,354.40",10
GC=F,"Mar 22, 2018","1,343.20","1,349.30","1,343.20","1,349.30","1,349.30",8
GC=F,"Mar 21, 2018","1,326.60","1,326.60","1,326.60","1,326.60","1,326.60",-
GC=F,"Mar 20, 2018","1,312.40","1,328.80","1,312.40","1,320.70","1,320.70",34
GC=F,"Mar 19, 2018","1,311.10","1,311.10","1,311.10","1,311.10","1,311.10",4
GC=F,"Mar 18, 2018","1,309.40","1,316.90","1,307.30","1,316.80","1,316.80",6
GC=F,"Mar 15, 2018","1,310.10","1,311.30","1,310.10","1,311.30","1,311.30",34
GC=F,"Mar 14, 2018","1,316.80","1,316.80","1,316.80","1,316.80","1,316.80",-
GC=F,"Mar 13, 2018","1,322.20","1,324.40","1,322.20","1,324.40","1,324.40",19
GC=F,"Mar 12, 2018","1,325.90","1,325.90","1,325.30","1,325.90","1,325.90",13
GC=F,"Mar 11, 2018","1,319.40","1,319.40","1,319.40","1,319.40","1,319.40",-
GC=F,"Mar 09, 2018","1,316.80","1,322.40","1,313.00","1,322.40","1,322.40",88
GC=F,"Mar 08, 2018","1,324.80","1,326.80","1,319.30","1,319.90","1,319.90",62
GC=F,"Mar 07, 2018","1,338.10","1,338.10","1,326.00","1,326.00","1,326.00",27
GC=F,"Mar 06, 2018","1,321.60","1,333.60","1,321.40","1,333.60","1,333.60",18
GC=F,"Mar 05, 2018","1,323.50","1,325.90","1,318.10","1,318.10","1,318.10",18
GC=F,"Mar 02, 2018","1,314.30","1,323.20","1,314.30","1,321.10","1,321.10",155
GC=F,"Mar 01, 2018","1,310.40","1,318.10","1,301.80","1,302.90","1,302.90",43
GC=F,"Feb 28, 2018","1,315.40","1,321.00","1,315.40","1,315.50","1,315.50",58
GC=F,"Feb 27, 2018","1,331.70","1,332.60","1,312.70","1,315.50","1,315.50",710
GC=F,"Feb 26, 2018","1,335.00","1,340.50","1,330.70","1,330.70","1,330.70",652
GC=F,"Feb 23, 2018","1,328.00","1,332.10","1,327.70","1,328.20","1,328.20",427
GC=F,"Feb 22, 2018","1,322.00","1,331.40","1,322.00","1,330.60","1,330.60",70
GC=F,"Feb 21, 2018","1,326.80","1,331.50","1,324.40","1,330.00","1,330.00",119
GC=F,"Feb 20, 2018","1,348.40","1,350.20","1,328.50","1,328.80","1,328.80",283
GC=F,"Feb 16, 2018","1,354.00","1,361.40","1,344.90","1,353.20","1,353.20",110
GC=F,"Feb 15, 2018","1,352.00","1,355.90","1,349.70","1,352.10","1,352.10",111
GC=F,"Feb 14, 2018","1,332.80","1,355.50","1,324.00","1,355.50","1,355.50",400
GC=F,"Feb 13, 2018","1,324.50","1,329.60","1,323.40","1,328.10","1,328.10",71
GC=F,"Feb 12, 2018","1,323.80","1,325.50","1,318.00","1,324.20","1,324.20",140
GC=F,"Feb 09, 2018","1,320.90","1,322.00","1,311.90","1,313.10","1,313.10",451
GC=F,"Feb 08, 2018","1,317.10","1,321.10","1,307.00","1,316.90","1,316.90",459
GC=F,"Feb 07, 2018","1,325.40","1,331.10","1,310.50","1,311.60","1,311.60",491
GC=F,"Feb 06, 2018","1,338.20","1,343.70","1,319.50","1,326.10","1,326.10",529
GC=F,"Feb 05, 2018","1,331.10","1,340.20","1,329.00","1,333.00","1,333.00",641
GC=F,"Feb 02, 2018","1,348.50","1,352.10","1,327.70","1,333.70","1,333.70","2,841"
GC=F,"Feb 01, 2018","1,343.80","1,350.60","1,336.80","1,344.30","1,344.30","1,680"
GC=F,"Jan 31, 2018","1,337.50","1,346.90","1,331.80","1,339.00","1,339.00","4,881"
GC=F,"Jan 30, 2018","1,338.70","1,347.80","1,332.80","1,335.40","1,335.40","52,100"
GC=F,"Jan 29, 2018",-,-,-,-,-,-
GC=F,"Jan 26, 2018","1,351.60","1,352.00","1,350.90","1,351.60","1,351.60","280,546"
GC=F,"Jan 25, 2018","1,356.30","1,362.40","1,346.70","1,362.40","1,362.40",4
GC=F,"Jan 24, 2018","1,355.90","1,357.20","1,355.90","1,355.90","1,355.90",18
GC=F,"Jan 23, 2018","1,335.80","1,335.90","1,335.70","1,335.70","1,335.70",47
GC=F,"Jan 22, 2018","1,328.40","1,330.90","1,328.40","1,330.90","1,330.90",162
symbol,date,open,high,low,close,adjusted Close,volume
GC=F,"Jan 19, 2018","1,330.10","1,333.00","1,330.10","1,331.90","1,331.90",50
GC=F,"Jan 18, 2018","1,328.90","1,328.90","1,326.00","1,326.00","1,326.00",211
GC=F,"Jan 17, 2018","1,334.40","1,338.00","1,326.80","1,338.00","1,338.00",27
GC=F,"Jan 16, 2018","1,331.10","1,335.40","1,331.00","1,335.40","1,335.40",13
GC=F,"Jan 12, 2018","1,327.80","1,338.20","1,327.80","1,333.40","1,333.40",14
GC=F,"Jan 11, 2018","1,317.10","1,320.60","1,316.30","1,320.60","1,320.60",9
GC=F,"Jan 10, 2018","1,320.30","1,320.70","1,315.30","1,317.40","1,317.40",70
GC=F,"Jan 09, 2018","1,309.60","1,311.70","1,309.60","1,311.70","1,311.70",16
GC=F,"Jan 08, 2018","1,319.90","1,319.90","1,314.60","1,318.60","1,318.60",41
GC=F,"Jan 05, 2018","1,320.30","1,320.30","1,320.30","1,320.30","1,320.30",1
GC=F,"Jan 04, 2018","1,319.40","1,322.00","1,319.40","1,319.40","1,319.40",2
GC=F,"Jan 03, 2018","1,320.00","1,320.10","1,312.10","1,316.20","1,316.20",42
GC=F,"Jan 02, 2018","1,302.30","1,317.60","1,302.30","1,313.70","1,313.70",68
GC=F,"Dec 29, 2017","1,294.20","1,306.30","1,294.00","1,306.30","1,306.30",65
GC=F,"Dec 28, 2017","1,288.20","1,294.10","1,288.20","1,294.10","1,294.10",245
GC=F,"Dec 27, 2017","1,284.00","1,287.00","1,284.00","1,287.00","1,287.00",456
GC=F,"Dec 26, 2017","1,282.40","1,284.10","1,281.80","1,284.10","1,284.10",84
GC=F,"Dec 22, 2017","1,266.30","1,276.30","1,266.30","1,275.40","1,275.40",119
GC=F,"Dec 21, 2017","1,266.40","1,267.40","1,264.30","1,267.30","1,267.30",226
GC=F,"Dec 20, 2017","1,261.30","1,266.60","1,261.30","1,266.10","1,266.10",63
GC=F,"Dec 19, 2017","1,261.10","1,264.30","1,259.50","1,260.70","1,260.70",329
GC=F,"Dec 18, 2017","1,256.20","1,262.40","1,255.70","1,262.20","1,262.20",45
GC=F,"Dec 15, 2017","1,253.10","1,260.30","1,253.10","1,254.30","1,254.30",578
GC=F,"Dec 14, 2017","1,252.90","1,257.70","1,250.30","1,253.80","1,253.80",139
GC=F,"Dec 13, 2017","1,241.90","1,254.50","1,239.80","1,245.40","1,245.40",349
GC=F,"Dec 12, 2017","1,241.30","1,244.40","1,236.50","1,238.50","1,238.50",692
GC=F,"Dec 11, 2017","1,248.40","1,249.20","1,239.90","1,243.70","1,243.70",146
GC=F,"Dec 08, 2017","1,246.30","1,249.30","1,241.50","1,245.20","1,245.20",157
GC=F,"Dec 07, 2017","1,262.30","1,262.40","1,243.90","1,249.80","1,249.80",358
GC=F,"Dec 06, 2017","1,264.90","1,267.80","1,261.60","1,262.80","1,262.80",373
GC=F,"Dec 05, 2017","1,275.40","1,275.80","1,260.00","1,261.60","1,261.60","1,499"
GC=F,"Dec 04, 2017","1,272.50","1,276.10","1,270.30","1,274.30","1,274.30",850
GC=F,"Dec 01, 2017","1,274.10","1,288.60","1,271.00","1,278.80","1,278.80",823
GC=F,"Nov 30, 2017","1,283.10","1,284.50","1,269.70","1,273.20","1,273.20","3,049"
GC=F,"Nov 29, 2017","1,293.40","1,296.20","1,281.10","1,282.10","1,282.10","47,244"
GC=F,"Nov 28, 2017","1,294.70","1,294.70","1,294.70","1,294.70","1,294.70","275,442"
GC=F,"Nov 27, 2017","1,293.80","1,293.80","1,293.80","1,293.80","1,293.80",1
GC=F,"Nov 24, 2017","1,286.70","1,286.70","1,286.70","1,286.70","1,286.70",-
GC=F,"Nov 22, 2017","1,284.70","1,291.60","1,282.90","1,291.60","1,291.60",4
GC=F,"Nov 21, 2017","1,281.10","1,281.10","1,281.10","1,281.10","1,281.10",4
GC=F,"Nov 20, 2017","1,274.60","1,275.90","1,274.60","1,274.60","1,274.60",1
GC=F,"Nov 17, 2017","1,288.30","1,295.80","1,288.30","1,295.80","1,295.80",1
GC=F,"Nov 16, 2017","1,277.50","1,277.50","1,277.40","1,277.40","1,277.40",43
GC=F,"Nov 15, 2017","1,281.40","1,284.70","1,275.90","1,276.50","1,276.50",13
GC=F,"Nov 14, 2017","1,276.90","1,281.50","1,276.90","1,281.50","1,281.50",4
GC=F,"Nov 13, 2017","1,277.30","1,277.30","1,277.00","1,277.30","1,277.30",3
GC=F,"Nov 10, 2017","1,283.50","1,283.50","1,272.40","1,272.40","1,272.40",10
GC=F,"Nov 09, 2017","1,279.70","1,286.90","1,279.70","1,285.60","1,285.60",18
GC=F,"Nov 08, 2017","1,275.90","1,284.90","1,274.70","1,281.60","1,281.60",15
GC=F,"Nov 07, 2017","1,276.80","1,276.80","1,270.40","1,273.70","1,273.70",11
GC=F,"Nov 06, 2017","1,269.00","1,280.50","1,269.00","1,279.40","1,279.40",128
GC=F,"Nov 02, 2017","1,265.30","1,267.90","1,265.30","1,266.50","1,266.50",75
GC=F,"Nov 01, 2017","1,274.90","1,274.90","1,274.90","1,274.90","1,274.90",70
GC=F,"Oct 31, 2017","1,272.20","1,274.80","1,270.30","1,274.10","1,274.10",78
GC=F,"Oct 30, 2017","1,273.10","1,274.60","1,266.10","1,267.00","1,267.00",235
GC=F,"Oct 29, 2017","1,270.00","1,274.10","1,267.90","1,274.10","1,274.10",222
GC=F,"Oct 26, 2017","1,268.40","1,268.50","1,267.10","1,268.50","1,268.50",567
GC=F,"Oct 25, 2017","1,273.50","1,273.50","1,264.70","1,266.30","1,266.30",39
GC=F,"Oct 24, 2017","1,269.90","1,275.40","1,269.90","1,275.40","1,275.40",105
GC=F,"Oct 23, 2017","1,275.50","1,275.50","1,273.70","1,275.00","1,275.00",111
GC=F,"Oct 22, 2017","1,274.70","1,280.80","1,271.50","1,277.70","1,277.70",115
GC=F,"Oct 19, 2017","1,279.60","1,279.60","1,277.40","1,277.40","1,277.40",304
GC=F,"Oct 18, 2017","1,286.40","1,286.90","1,285.10","1,286.90","1,286.90",134
GC=F,"Oct 17, 2017","1,279.90","1,279.90","1,279.90","1,279.90","1,279.90",163
GC=F,"Oct 16, 2017","1,295.10","1,295.10","1,283.00","1,283.00","1,283.00",571
GC=F,"Oct 15, 2017","1,302.00","1,303.80","1,291.90","1,299.90","1,299.90",173
GC=F,"Oct 12, 2017","1,293.30","1,301.70","1,291.70","1,301.50","1,301.50",74
GC=F,"Oct 11, 2017","1,291.50","1,294.50","1,289.30","1,293.30","1,293.30",14
GC=F,"Oct 10, 2017","1,287.30","1,292.00","1,284.90","1,285.80","1,285.80",21
GC=F,"Oct 09, 2017","1,282.60","1,293.00","1,281.70","1,290.60","1,290.60",18
GC=F,"Oct 08, 2017","1,280.60","1,284.00","1,279.00","1,281.80","1,281.80",19
GC=F,"Oct 05, 2017","1,267.60","1,272.00","1,260.50","1,271.60","1,271.60",46
GC=F,"Oct 04, 2017","1,277.80","1,277.80","1,267.60","1,269.90","1,269.90",36
GC=F,"Oct 03, 2017","1,273.80","1,280.80","1,270.00","1,273.70","1,273.70",218
GC=F,"Oct 02, 2017","1,269.70","1,273.30","1,268.60","1,271.50","1,271.50",192
GC=F,"Oct 01, 2017","1,275.00","1,276.10","1,270.40","1,272.70","1,272.70",136
GC=F,"Sep 28, 2017","1,284.20","1,289.40","1,281.50","1,281.50","1,281.50",492
GC=F,"Sep 27, 2017","1,283.10","1,288.00","1,277.00","1,285.50","1,285.50","5,226"
GC=F,"Sep 26, 2017","1,283.40","1,283.40","1,283.40","1,283.40","1,283.40","19,488"
GC=F,"Sep 25, 2017","1,304.50","1,305.60","1,297.00","1,297.00","1,297.00",39
GC=F,"Sep 24, 2017","1,293.10","1,309.20","1,291.00","1,306.80","1,306.80",51
GC=F,"Sep 21, 2017","1,295.00","1,295.70","1,293.30","1,293.30","1,293.30",209
GC=F,"Sep 20, 2017","1,299.10","1,304.10","1,290.30","1,290.60","1,290.60",336
GC=F,"Sep 19, 2017","1,312.00","1,312.00","1,298.70","1,312.00","1,312.00",12
GC=F,"Sep 18, 2017","1,307.90","1,310.30","1,305.10","1,306.20","1,306.20",20
GC=F,"Sep 17, 2017","1,309.80","1,310.40","1,306.00","1,306.30","1,306.30",129
GC=F,"Sep 14, 2017","1,320.60","1,321.20","1,319.80","1,320.40","1,320.40",15
GC=F,"Sep 13, 2017","1,319.60","1,329.30","1,319.60","1,324.70","1,324.70",316
GC=F,"Sep 12, 2017","1,323.40","1,323.40","1,323.40","1,323.40","1,323.40",16
GC=F,"Sep 11, 2017","1,327.00","1,328.00","1,325.20","1,328.00","1,328.00",15
GC=F,"Sep 10, 2017","1,331.00","1,331.00","1,327.30","1,331.00","1,331.00",9
GC=F,"Sep 07, 2017","1,351.00","1,355.80","1,345.60","1,346.00","1,346.00",37
GC=F,"Sep 06, 2017","1,336.40","1,349.00","1,336.40","1,345.10","1,345.10",26
GC=F,"Sep 05, 2017","1,340.00","1,340.30","1,332.60","1,333.90","1,333.90",20
GC=F,"Sep 04, 2017","1,335.20","1,339.20","1,328.60","1,339.20","1,339.20",39
GC=F,"Aug 31, 2017","1,320.20","1,327.70","1,316.90","1,324.50","1,324.50",313
symbol,date,open,high,low,close,adjusted Close,volume
GC=F,"Dec 03, 2021","1,769.40","1,779.90","1,766.00","1,771.10","1,771.10","113,064"
GC=F,"Dec 02, 2021","1,780.90","1,780.90","1,760.60","1,760.70","1,760.70","1,128"
GC=F,"Dec 01, 2021","1,774.80","1,790.50","1,772.30","1,781.60","1,781.60","1,128"
GC=F,"Nov 30, 2021","1,783.90","1,808.10","1,768.70","1,773.60","1,773.60","4,903"
GC=F,"Nov 29, 2021","1,791.70","1,798.90","1,779.10","1,782.30","1,782.30","26,926"
GC=F,"Nov 26, 2021","1,791.10","1,791.40","1,785.30","1,785.30","1,785.30","186,800"
GC=F,"Nov 25, 2021","1,791.10","1,791.40","1,791.10","1,791.40","1,791.40",188
GC=F,"Nov 24, 2021","1,793.00","1,793.00","1,781.40","1,784.10","1,784.10",188
GC=F,"Nov 23, 2021","1,795.50","1,795.50","1,783.50","1,783.50","1,783.50",264
GC=F,"Nov 22, 2021","1,841.60","1,841.60","1,805.70","1,806.00","1,806.00",14
GC=F,"Nov 19, 2021","1,851.20","1,851.20","1,851.20","1,851.20","1,851.20",21
GC=F,"Nov 18, 2021","1,861.00","1,861.00","1,861.00","1,861.00","1,861.00",9
GC=F,"Nov 17, 2021","1,862.60","1,869.70","1,862.60","1,869.70","1,869.70",2
GC=F,"Nov 16, 2021","1,853.60","1,853.60","1,853.60","1,853.60","1,853.60",1
GC=F,"Nov 15, 2021","1,864.50","1,866.90","1,864.50","1,866.10","1,866.10",87
GC=F,"Nov 12, 2021","1,860.80","1,867.90","1,847.60","1,867.90","1,867.90",210
GC=F,"Nov 11, 2021","1,853.90","1,866.50","1,853.90","1,863.20","1,863.20",292
GC=F,"Nov 10, 2021","1,825.80","1,865.00","1,824.90","1,847.60","1,847.60",795
GC=F,"Nov 09, 2021","1,826.10","1,832.70","1,820.70","1,830.20","1,830.20",170
GC=F,"Nov 08, 2021","1,817.00","1,827.40","1,816.90","1,827.40","1,827.40",261
GC=F,"Nov 04, 2021","1,794.90","1,817.10","1,794.90","1,816.40","1,816.40",239
GC=F,"Nov 03, 2021","1,776.60","1,798.20","1,776.20","1,793.00","1,793.00",103
GC=F,"Nov 02, 2021","1,768.00","1,768.00","1,761.80","1,763.60","1,763.60",108
GC=F,"Nov 01, 2021","1,790.50","1,795.50","1,787.70","1,788.70","1,788.70",213
GC=F,"Oct 31, 2021","1,787.50","1,795.10","1,786.70","1,795.10","1,795.10",142
GC=F,"Oct 28, 2021","1,793.10","1,797.00","1,774.60","1,783.00","1,783.00",583
GC=F,"Oct 27, 2021","1,795.50","1,807.30","1,795.50","1,801.60","1,801.60",452
GC=F,"Oct 26, 2021","1,791.50","1,798.10","1,791.50","1,797.90","1,797.90",543
GC=F,"Oct 25, 2021","1,808.80","1,808.80","1,788.60","1,792.70","1,792.70",359
GC=F,"Oct 24, 2021","1,794.30","1,809.00","1,794.00","1,806.00","1,806.00",140
GC=F,"Oct 21, 2021","1,787.10","1,806.90","1,784.00","1,795.50","1,795.50",532
GC=F,"Oct 20, 2021","1,782.00","1,785.70","1,781.00","1,781.20","1,781.20",146
GC=F,"Oct 19, 2021","1,774.60","1,785.60","1,774.00","1,784.10","1,784.10",127
GC=F,"Oct 18, 2021","1,777.60","1,785.00","1,767.50","1,769.70","1,769.70",51
GC=F,"Oct 17, 2021","1,761.60","1,770.10","1,759.50","1,764.80","1,764.80",266
GC=F,"Oct 14, 2021","1,794.50","1,795.40","1,766.60","1,767.20","1,767.20",874
GC=F,"Oct 13, 2021","1,792.20","1,799.90","1,792.00","1,796.70","1,796.70",337
GC=F,"Oct 12, 2021","1,760.80","1,794.50","1,760.80","1,793.70","1,793.70",150
GC=F,"Oct 11, 2021","1,751.90","1,768.00","1,749.80","1,758.30","1,758.30",139
GC=F,"Oct 10, 2021","1,756.60","1,757.80","1,752.20","1,754.60","1,754.60",128
GC=F,"Oct 07, 2021","1,757.00","1,780.00","1,754.20","1,756.30","1,756.30",254
GC=F,"Oct 06, 2021","1,762.40","1,762.40","1,752.80","1,757.90","1,757.90",336
GC=F,"Oct 05, 2021","1,759.30","1,762.90","1,744.70","1,760.50","1,760.50",56
GC=F,"Oct 04, 2021","1,764.30","1,764.30","1,749.00","1,759.60","1,759.60",98
GC=F,"Oct 03, 2021","1,764.50","1,768.90","1,749.50","1,766.20","1,766.20",417
GC=F,"Sep 30, 2021","1,754.30","1,762.60","1,748.50","1,757.00","1,757.00","2,220"
GC=F,"Sep 29, 2021","1,725.50","1,760.30","1,724.50","1,755.30","1,755.30",997
GC=F,"Sep 28, 2021","1,732.40","1,744.10","1,721.40","1,721.50","1,721.50","6,634"
GC=F,"Sep 27, 2021","1,739.60","1,741.70","1,726.80","1,735.80","1,735.80","15,748"
GC=F,"Sep 26, 2021","1,751.70","1,754.40","1,747.50","1,750.00","1,750.00",808
GC=F,"Sep 23, 2021","1,749.70","1,749.70","1,745.00","1,749.70","1,749.70",76
GC=F,"Sep 22, 2021","1,766.80","1,766.80","1,738.20","1,747.70","1,747.70",31
GC=F,"Sep 21, 2021","1,776.70","1,784.30","1,767.00","1,776.70","1,776.70",17
GC=F,"Sep 20, 2021","1,762.20","1,776.00","1,759.00","1,776.00","1,776.00",106
GC=F,"Sep 19, 2021","1,751.80","1,761.80","1,750.90","1,761.80","1,761.80",185
GC=F,"Sep 16, 2021","1,758.80","1,763.00","1,749.40","1,749.40","1,749.40",581
GC=F,"Sep 15, 2021","1,792.90","1,792.90","1,743.90","1,754.60","1,754.60","1,645"
GC=F,"Sep 14, 2021","1,803.70","1,803.70","1,792.40","1,792.40","1,792.40",59
GC=F,"Sep 13, 2021","1,791.40","1,806.20","1,783.00","1,804.70","1,804.70",764
GC=F,"Sep 12, 2021","1,789.80","1,796.00","1,784.00","1,792.00","1,792.00",533
GC=F,"Sep 09, 2021","1,789.60","1,789.60","1,789.60","1,789.60","1,789.60",-
GC=F,"Sep 08, 2021","1,798.70","1,798.70","1,787.90","1,797.40","1,797.40",49
GC=F,"Sep 07, 2021","1,781.70","1,790.70","1,781.70","1,790.70","1,790.70",69
GC=F,"Sep 06, 2021","1,825.70","1,825.70","1,792.70","1,795.90","1,795.90",48
GC=F,"Sep 02, 2021","1,820.90","1,833.90","1,818.90","1,830.90","1,830.90",53
GC=F,"Sep 01, 2021","1,813.20","1,813.90","1,806.80","1,808.70","1,808.70",26
GC=F,"Aug 31, 2021","1,813.50","1,815.90","1,809.50","1,813.10","1,813.10",114
GC=F,"Aug 30, 2021","1,815.90","1,815.90","1,801.10","1,815.00","1,815.00",82
GC=F,"Aug 29, 2021","1,818.20","1,820.30","1,807.80","1,809.00","1,809.00",684
GC=F,"Aug 26, 2021","1,803.40","1,816.60","1,803.10","1,816.60","1,816.60","1,219"
GC=F,"Aug 25, 2021","1,787.40","1,792.20","1,781.00","1,792.20","1,792.20",61
GC=F,"Aug 24, 2021","1,792.00","1,792.90","1,784.00","1,788.20","1,788.20",812
GC=F,"Aug 23, 2021","1,801.00","1,805.60","1,801.00","1,805.60","1,805.60",22
GC=F,"Aug 22, 2021","1,776.80","1,804.80","1,776.80","1,803.20","1,803.20",32
GC=F,"Aug 19, 2021","1,784.10","1,787.50","1,778.20","1,781.00","1,781.00",235
GC=F,"Aug 18, 2021","1,780.00","1,789.30","1,775.50","1,780.20","1,780.20",245
GC=F,"Aug 17, 2021","1,787.80","1,791.50","1,779.00","1,781.60","1,781.60",263
GC=F,"Aug 16, 2021","1,787.70","1,794.20","1,780.00","1,785.00","1,785.00",200
GC=F,"Aug 15, 2021","1,776.90","1,787.80","1,771.90","1,786.90","1,786.90",219
GC=F,"Aug 12, 2021","1,758.30","1,777.30","1,757.40","1,775.20","1,775.20",436
GC=F,"Aug 11, 2021","1,749.70","1,752.40","1,745.50","1,749.00","1,749.00",739
GC=F,"Aug 10, 2021","1,727.30","1,752.20","1,727.30","1,750.40","1,750.40",542
GC=F,"Aug 09, 2021","1,728.60","1,735.20","1,720.10","1,728.80","1,728.80","1,363"
GC=F,"Aug 08, 2021","1,753.50","1,753.80","1,692.60","1,723.40","1,723.40","1,621"
GC=F,"Aug 05, 2021","1,799.80","1,800.10","1,758.40","1,760.00","1,760.00",859
GC=F,"Aug 04, 2021","1,810.80","1,813.70","1,796.00","1,805.10","1,805.10",588
GC=F,"Aug 03, 2021","1,809.30","1,831.30","1,806.30","1,810.50","1,810.50","2,860"
GC=F,"Aug 02, 2021","1,812.30","1,813.50","1,806.00","1,810.10","1,810.10","3,341"
GC=F,"Aug 01, 2021","1,812.40","1,818.70","1,804.80","1,818.10","1,818.10","1,334"
GC=F,"Jul 29, 2021","1,828.00","1,830.50","1,808.90","1,812.60","1,812.60","3,100"
GC=F,"Jul 28, 2021","1,806.60","1,832.60","1,806.10","1,831.20","1,831.20","30,496"
GC=F,"Jul 27, 2021","1,799.50","1,799.50","1,799.50","1,799.50","1,799.50","209,783"
GC=F,"Jul 26, 2021","1,803.70","1,803.70","1,799.50","1,799.50","1,799.50",1
GC=F,"Jul 25, 2021","1,802.50","1,802.50","1,797.20","1,798.70","1,798.70",17
GC=F,"Jul 22, 2021","1,800.00","1,801.40","1,800.00","1,801.40","1,801.40",1
GC=F,"Jul 21, 2021","1,793.60","1,805.00","1,793.60","1,805.00","1,805.00",2
GC=F,"Jul 20, 2021","1,807.00","1,807.00","1,800.00","1,802.90","1,802.90",135
GC=F,"Jul 19, 2021","1,812.90","1,824.00","1,810.90","1,810.90","1,810.90",128
GC=F,"Jul 18, 2021","1,803.30","1,813.40","1,803.30","1,808.70","1,808.70",33
GC=F,"Jul 15, 2021","1,830.10","1,831.40","1,814.50","1,814.50","1,814.50",78
symbol,date,open,high,low,close,adjusted Close,volume
GC=F,"Jul 14, 2021","1,831.60","1,833.00","1,823.40","1,828.40","1,828.40",99
GC=F,"Jul 13, 2021","1,813.10","1,829.00","1,813.10","1,824.30","1,824.30",707
GC=F,"Jul 12, 2021","1,808.10","1,812.00","1,800.60","1,809.40","1,809.40",78
GC=F,"Jul 11, 2021","1,802.60","1,805.50","1,799.50","1,805.50","1,805.50",147
GC=F,"Jul 08, 2021","1,803.60","1,810.10","1,798.80","1,810.00","1,810.00",218
GC=F,"Jul 07, 2021","1,797.00","1,818.50","1,797.00","1,799.60","1,799.60",148
GC=F,"Jul 06, 2021","1,798.70","1,808.40","1,797.20","1,801.50","1,801.50",244
GC=F,"Jul 05, 2021","1,786.70","1,809.80","1,786.70","1,793.50","1,793.50",332
GC=F,"Jul 01, 2021","1,778.70","1,787.90","1,778.30","1,782.60","1,782.60",23
GC=F,"Jun 30, 2021","1,775.70","1,781.20","1,768.80","1,775.90","1,775.90",44
GC=F,"Jun 29, 2021","1,761.10","1,770.80","1,759.20","1,770.80","1,770.80",51
GC=F,"Jun 28, 2021","1,776.80","1,777.10","1,752.10","1,762.80","1,762.80",419
GC=F,"Jun 27, 2021","1,779.60","1,779.60","1,779.60","1,779.60","1,779.60",888
GC=F,"Jun 24, 2021","1,777.70","1,788.00","1,775.20","1,776.60","1,776.60",35
GC=F,"Jun 23, 2021","1,778.90","1,786.40","1,775.60","1,775.60","1,775.60",78
GC=F,"Jun 22, 2021","1,780.70","1,793.20","1,780.60","1,782.30","1,782.30",136
GC=F,"Jun 21, 2021","1,783.40","1,786.90","1,775.90","1,776.30","1,776.30",101
GC=F,"Jun 20, 2021","1,768.80","1,785.20","1,766.80","1,781.80","1,781.80",38
GC=F,"Jun 17, 2021","1,775.70","1,792.40","1,767.90","1,767.90","1,767.90",354
GC=F,"Jun 16, 2021","1,811.80","1,823.30","1,769.60","1,773.80","1,773.80","1,135"
GC=F,"Jun 15, 2021","1,859.40","1,860.10","1,809.20","1,859.50","1,859.50",117
GC=F,"Jun 14, 2021","1,866.40","1,867.20","1,854.40","1,854.50","1,854.50",78
GC=F,"Jun 13, 2021","1,866.20","1,866.60","1,846.50","1,864.00","1,864.00",41
GC=F,"Jun 10, 2021","1,900.90","1,902.30","1,875.20","1,877.40","1,877.40",349
GC=F,"Jun 09, 2021","1,887.70","1,899.80","1,871.50","1,894.20","1,894.20",186
GC=F,"Jun 08, 2021","1,894.90","1,897.70","1,889.20","1,893.20","1,893.20",148
GC=F,"Jun 07, 2021","1,896.50","1,902.90","1,890.00","1,892.20","1,892.20",930
GC=F,"Jun 06, 2021","1,890.50","1,899.70","1,883.20","1,896.80","1,896.80",87
GC=F,"Jun 03, 2021","1,869.30","1,895.50","1,854.00","1,889.80","1,889.80",367
GC=F,"Jun 02, 2021","1,908.80","1,908.80","1,865.00","1,871.20","1,871.20","1,021"
GC=F,"Jun 01, 2021","1,899.20","1,908.80","1,896.00","1,907.50","1,907.50","1,267"
GC=F,"May 31, 2021","1,905.10","1,916.20","1,892.80","1,902.90","1,902.90",640
GC=F,"May 27, 2021","1,897.50","1,905.40","1,881.90","1,902.50","1,902.50","2,415"
GC=F,"May 26, 2021","1,896.80","1,903.90","1,888.20","1,895.70","1,895.70","35,794"
GC=F,"May 25, 2021","1,901.30","1,901.30","1,901.30","1,901.30","1,901.30","170,526"
GC=F,"May 24, 2021","1,882.50","1,898.10","1,882.50","1,898.10","1,898.10",56
GC=F,"May 23, 2021","1,882.10","1,884.60","1,882.10","1,884.60","1,884.60",39
GC=F,"May 20, 2021","1,872.10","1,876.70","1,872.10","1,876.70","1,876.70",5
GC=F,"May 19, 2021","1,865.50","1,885.00","1,864.80","1,881.80","1,881.80",85
GC=F,"May 18, 2021","1,866.40","1,884.90","1,863.60","1,881.30","1,881.30",348
GC=F,"May 17, 2021","1,870.50","1,870.50","1,867.80","1,867.80","1,867.80",3
GC=F,"May 16, 2021","1,849.90","1,867.50","1,847.20","1,867.50","1,867.50",13
GC=F,"May 13, 2021","1,824.50","1,842.90","1,824.50","1,837.90","1,837.90",41
GC=F,"May 12, 2021","1,814.70","1,826.80","1,814.10","1,823.80","1,823.80",100
GC=F,"May 11, 2021","1,825.20","1,825.20","1,821.70","1,822.60","1,822.60",3
GC=F,"May 10, 2021","1,837.20","1,838.10","1,831.60","1,835.90","1,835.90",420
GC=F,"May 09, 2021","1,835.60","1,845.60","1,835.40","1,837.50","1,837.50",13
GC=F,"May 06, 2021","1,842.90","1,842.90","1,831.10","1,831.10","1,831.10",2
GC=F,"May 05, 2021","1,788.90","1,815.50","1,787.60","1,815.50","1,815.50",13
GC=F,"May 04, 2021","1,781.50","1,784.10","1,779.20","1,784.10","1,784.10",57
GC=F,"May 03, 2021","1,788.20","1,788.50","1,774.80","1,775.80","1,775.80",182
GC=F,"May 02, 2021","1,788.50","1,793.00","1,788.50","1,791.40","1,791.40",18
GC=F,"Apr 29, 2021","1,771.80","1,771.80","1,763.90","1,767.30","1,767.30",18
GC=F,"Apr 28, 2021","1,781.00","1,789.00","1,758.60","1,768.10","1,768.10",196
GC=F,"Apr 27, 2021","1,768.20","1,774.00","1,764.60","1,773.20","1,773.20",756
GC=F,"Apr 26, 2021","1,780.00","1,782.00","1,777.70","1,778.00","1,778.00",117
GC=F,"Apr 25, 2021","1,778.00","1,779.70","1,770.80","1,779.20","1,779.20",549
GC=F,"Apr 22, 2021","1,786.10","1,794.50","1,772.00","1,777.00","1,777.00",332
GC=F,"Apr 21, 2021","1,794.20","1,794.20","1,779.50","1,781.20","1,781.20",159
GC=F,"Apr 20, 2021","1,783.00","1,794.10","1,777.70","1,792.30","1,792.30",250
GC=F,"Apr 19, 2021","1,769.30","1,777.30","1,765.50","1,777.30","1,777.30","1,464"
GC=F,"Apr 18, 2021","1,782.10","1,788.50","1,769.40","1,769.40","1,769.40",144
GC=F,"Apr 15, 2021","1,770.40","1,779.50","1,770.10","1,779.00","1,779.00",625
GC=F,"Apr 14, 2021","1,740.10","1,767.90","1,740.10","1,765.40","1,765.40",368
GC=F,"Apr 13, 2021","1,741.30","1,745.90","1,732.70","1,734.90","1,734.90","1,037"
GC=F,"Apr 12, 2021","1,733.80","1,746.90","1,722.10","1,746.20","1,746.20",367
GC=F,"Apr 11, 2021","1,740.80","1,740.80","1,726.70","1,731.20","1,731.20",40
GC=F,"Apr 08, 2021","1,750.80","1,750.80","1,733.30","1,743.30","1,743.30",484
GC=F,"Apr 07, 2021","1,736.00","1,758.00","1,734.60","1,756.80","1,756.80","1,298"
GC=F,"Apr 06, 2021","1,742.70","1,742.70","1,733.70","1,740.10","1,740.10",557
GC=F,"Apr 05, 2021","1,726.90","1,744.80","1,726.90","1,741.50","1,741.50",890
GC=F,"Apr 04, 2021","1,727.90","1,729.70","1,721.90","1,727.00","1,727.00",275
GC=F,"Mar 31, 2021","1,706.80","1,728.80","1,706.40","1,726.50","1,726.50",720
GC=F,"Mar 30, 2021","1,683.70","1,713.80","1,676.50","1,713.80","1,713.80",762
GC=F,"Mar 29, 2021","1,711.00","1,712.60","1,676.50","1,683.90","1,683.90","25,316"
GC=F,"Mar 28, 2021","1,712.10","1,712.10","1,712.10","1,712.10","1,712.10","135,457"
GC=F,"Mar 25, 2021","1,721.30","1,732.20","1,721.30","1,732.20","1,732.20",33
GC=F,"Mar 24, 2021","1,732.70","1,733.20","1,724.50","1,724.90","1,724.90",15
GC=F,"Mar 23, 2021","1,727.50","1,732.90","1,727.50","1,732.90","1,732.90",26
GC=F,"Mar 22, 2021","1,724.70","1,724.70","1,724.70","1,724.70","1,724.70",6
GC=F,"Mar 21, 2021","1,737.80","1,737.80","1,737.80","1,737.80","1,737.80",51
GC=F,"Mar 18, 2021","1,742.20","1,742.20","1,733.60","1,741.40","1,741.40",13
GC=F,"Mar 17, 2021","1,745.80","1,750.30","1,721.80","1,732.20","1,732.20",138
GC=F,"Mar 16, 2021","1,735.30","1,750.10","1,725.60","1,726.80","1,726.80",488
GC=F,"Mar 15, 2021","1,732.30","1,733.90","1,726.00","1,730.60","1,730.60",729
GC=F,"Mar 14, 2021","1,729.50","1,731.90","1,722.80","1,728.90","1,728.90",147
GC=F,"Mar 12, 2021","1,715.90","1,722.50","1,699.00","1,719.50","1,719.50",80
GC=F,"Mar 11, 2021","1,725.60","1,737.50","1,720.20","1,722.30","1,722.30",18
GC=F,"Mar 10, 2021","1,713.60","1,722.90","1,711.00","1,721.50","1,721.50",412
GC=F,"Mar 09, 2021","1,686.20","1,717.50","1,685.20","1,716.60","1,716.60",335
GC=F,"Mar 08, 2021","1,704.70","1,705.40","1,673.70","1,677.70","1,677.70","1,290"
GC=F,"Mar 05, 2021","1,690.60","1,701.00","1,685.00","1,698.00","1,698.00",302
GC=F,"Mar 04, 2021","1,706.50","1,717.40","1,700.20","1,700.20","1,700.20",521
GC=F,"Mar 03, 2021","1,730.00","1,732.40","1,703.50","1,715.30","1,715.30",501
GC=F,"Mar 02, 2021","1,709.40","1,733.10","1,708.70","1,733.10","1,733.10",867
GC=F,"Mar 01, 2021","1,737.10","1,747.00","1,720.30","1,722.50","1,722.50",407
GC=F,"Feb 26, 2021","1,768.10","1,768.20","1,718.80","1,728.10","1,728.10","1,593"
GC=F,"Feb 25, 2021","1,801.50","1,802.00","1,766.70","1,774.40","1,774.40","1,049"
symbol,date,open,high,low,close,adjusted Close,volume
GC=F,"Feb 24, 2021","1,805.80","1,805.80","1,796.40","1,796.40","1,796.40","1,500"
GC=F,"Feb 23, 2021","1,809.60","1,811.30","1,796.40","1,804.40","1,804.40",569
GC=F,"Feb 22, 2021","1,784.00","1,807.80","1,784.00","1,806.70","1,806.70",165
GC=F,"Feb 19, 2021","1,764.30","1,787.60","1,764.30","1,775.80","1,775.80",118
GC=F,"Feb 18, 2021","1,776.10","1,784.60","1,766.00","1,773.40","1,773.40",587
GC=F,"Feb 17, 2021","1,785.80","1,789.70","1,768.80","1,771.10","1,771.10",614
GC=F,"Feb 16, 2021","1,820.90","1,823.40","1,787.30","1,797.20","1,797.20","1,141"
GC=F,"Feb 12, 2021","1,825.00","1,827.50","1,809.20","1,821.60","1,821.60",259
GC=F,"Feb 11, 2021","1,840.50","1,845.00","1,820.90","1,824.90","1,824.90",602
GC=F,"Feb 10, 2021","1,842.60","1,851.10","1,837.00","1,840.60","1,840.60",543
GC=F,"Feb 09, 2021","1,841.90","1,843.30","1,830.70","1,835.30","1,835.30",184
GC=F,"Feb 08, 2021","1,816.30","1,836.70","1,809.00","1,831.90","1,831.90",254
GC=F,"Feb 05, 2021","1,794.30","1,813.50","1,790.90","1,810.90","1,810.90","1,278"
GC=F,"Feb 04, 2021","1,832.20","1,832.20","1,782.80","1,788.90","1,788.90","2,375"
GC=F,"Feb 03, 2021","1,834.80","1,842.40","1,829.80","1,832.20","1,832.20","1,195"
GC=F,"Feb 02, 2021","1,859.60","1,861.30","1,827.60","1,830.50","1,830.50","1,293"
GC=F,"Feb 01, 2021","1,866.60","1,871.90","1,850.00","1,860.80","1,860.80","1,494"
GC=F,"Jan 29, 2021","1,842.00","1,876.00","1,838.70","1,847.30","1,847.30","1,634"
GC=F,"Jan 28, 2021","1,843.40","1,862.90","1,831.50","1,837.90","1,837.90","27,283"
GC=F,"Jan 27, 2021","1,844.90","1,844.90","1,844.90","1,844.90","1,844.90","195,540"
GC=F,"Jan 26, 2021","1,855.80","1,855.80","1,850.70","1,850.70","1,850.70",59
GC=F,"Jan 25, 2021","1,864.70","1,864.70","1,851.80","1,854.90","1,854.90",26
GC=F,"Jan 22, 2021","1,854.90","1,855.70","1,852.70","1,855.70","1,855.70",8
GC=F,"Jan 21, 2021","1,865.30","1,868.00","1,865.30","1,865.30","1,865.30",6
GC=F,"Jan 20, 2021","1,847.80","1,866.60","1,844.40","1,865.90","1,865.90",16
GC=F,"Jan 19, 2021","1,802.00","1,842.90","1,802.00","1,839.50","1,839.50",13
GC=F,"Jan 15, 2021","1,829.40","1,829.40","1,825.00","1,829.30","1,829.30",31
GC=F,"Jan 14, 2021","1,836.70","1,850.70","1,836.70","1,850.30","1,850.30",149
GC=F,"Jan 13, 2021","1,858.00","1,858.60","1,853.60","1,853.60","1,853.60",189
GC=F,"Jan 12, 2021","1,849.00","1,859.70","1,839.40","1,842.90","1,842.90",176
GC=F,"Jan 11, 2021","1,826.50","1,849.60","1,826.50","1,849.60","1,849.60",20
GC=F,"Jan 08, 2021","1,908.00","1,908.00","1,834.10","1,834.10","1,834.10",60
GC=F,"Jan 07, 2021","1,922.60","1,926.70","1,912.00","1,912.30","1,912.30",122
GC=F,"Jan 06, 2021","1,952.00","1,959.90","1,901.50","1,906.90","1,906.90",331
GC=F,"Jan 05, 2021","1,941.70","1,952.70","1,941.30","1,952.70","1,952.70",113
GC=F,"Jan 04, 2021","1,912.20","1,945.10","1,912.20","1,944.70","1,944.70",154
GC=F,"Dec 31, 2020","1,897.00","1,901.30","1,892.70","1,893.10","1,893.10",127
GC=F,"Dec 30, 2020","1,879.90","1,895.80","1,877.30","1,891.00","1,891.00",444
GC=F,"Dec 29, 2020","1,881.30","1,881.30","1,879.70","1,879.70","1,879.70",343
GC=F,"Dec 28, 2020","1,895.50","1,895.80","1,873.70","1,877.20","1,877.20",75
GC=F,"Dec 24, 2020","1,877.30","1,879.90","1,875.70","1,879.90","1,879.90",46
GC=F,"Dec 23, 2020","1,867.00","1,878.80","1,864.50","1,874.70","1,874.70",82
GC=F,"Dec 22, 2020","1,882.20","1,882.20","1,861.00","1,866.60","1,866.60",233
GC=F,"Dec 21, 2020","1,884.80","1,908.00","1,869.10","1,879.20","1,879.20",136
GC=F,"Dec 18, 2020","1,882.40","1,889.50","1,882.30","1,885.70","1,885.70",276
GC=F,"Dec 17, 2020","1,874.20","1,896.20","1,874.20","1,887.20","1,887.20",414
GC=F,"Dec 16, 2020","1,856.50","1,864.70","1,850.50","1,856.10","1,856.10","1,090"
GC=F,"Dec 15, 2020","1,833.50","1,853.60","1,833.20","1,852.30","1,852.30",961
GC=F,"Dec 14, 2020","1,835.50","1,835.70","1,822.70","1,828.70","1,828.70",258
GC=F,"Dec 11, 2020","1,838.50","1,846.00","1,829.10","1,839.80","1,839.80",109
GC=F,"Dec 10, 2020","1,833.20","1,849.10","1,828.00","1,833.60","1,833.60",177
GC=F,"Dec 09, 2020","1,867.10","1,867.10","1,827.00","1,834.60","1,834.60",215
GC=F,"Dec 08, 2020","1,863.00","1,875.80","1,861.80","1,870.80","1,870.80",121
GC=F,"Dec 07, 2020","1,836.50","1,866.90","1,820.80","1,861.80","1,861.80","1,427"
GC=F,"Dec 04, 2020","1,840.70","1,847.60","1,828.20","1,835.90","1,835.90","1,213"
GC=F,"Dec 03, 2020","1,829.20","1,842.00","1,825.30","1,836.80","1,836.80","1,765"
GC=F,"Dec 02, 2020","1,811.30","1,830.00","1,807.80","1,825.70","1,825.70",771
GC=F,"Dec 01, 2020","1,775.00","1,815.90","1,774.90","1,814.10","1,814.10","1,859"
GC=F,"Nov 30, 2020","1,785.00","1,787.20","1,762.30","1,775.70","1,775.70","3,145"
GC=F,"Nov 27, 2020","1,806.10","1,817.00","1,770.70","1,781.90","1,781.90","71,804"
GC=F,"Nov 25, 2020","1,801.40","1,805.70","1,801.40","1,805.70","1,805.70","205,754"
GC=F,"Nov 24, 2020","1,829.30","1,829.30","1,799.30","1,804.80","1,804.80","1,041"
GC=F,"Nov 23, 2020","1,834.80","1,837.80","1,829.20","1,837.80","1,837.80",843
GC=F,"Nov 20, 2020","1,871.20","1,872.60","1,871.20","1,872.60","1,872.60","1,900"
GC=F,"Nov 19, 2020","1,865.80","1,865.80","1,856.00","1,861.10","1,861.10",59
GC=F,"Nov 18, 2020","1,873.50","1,873.50","1,873.50","1,873.50","1,873.50",152
GC=F,"Nov 17, 2020","1,888.40","1,888.40","1,884.50","1,884.50","1,884.50",59
GC=F,"Nov 16, 2020","1,874.60","1,887.30","1,871.00","1,887.30","1,887.30",6
GC=F,"Nov 13, 2020","1,877.00","1,890.10","1,876.80","1,885.70","1,885.70",240
GC=F,"Nov 12, 2020","1,869.00","1,878.50","1,866.60","1,872.60","1,872.60",220
GC=F,"Nov 11, 2020","1,878.80","1,878.80","1,855.50","1,860.70","1,860.70",222
GC=F,"Nov 10, 2020","1,879.30","1,885.30","1,871.20","1,875.40","1,875.40",276
GC=F,"Nov 09, 2020","1,955.60","1,963.20","1,847.10","1,853.20","1,853.20",745
GC=F,"Nov 06, 2020","1,940.80","1,958.80","1,940.80","1,950.30","1,950.30",304
GC=F,"Nov 05, 2020","1,901.70","1,948.00","1,901.70","1,945.30","1,945.30",135
GC=F,"Nov 04, 2020","1,893.80","1,907.00","1,885.30","1,894.60","1,894.60",782
GC=F,"Nov 03, 2020","1,891.50","1,908.50","1,891.50","1,908.50","1,908.50",712
GC=F,"Nov 02, 2020","1,872.90","1,894.70","1,872.90","1,890.40","1,890.40",190
GC=F,"Oct 29, 2020","1,862.80","1,886.60","1,862.80","1,877.40","1,877.40",725
GC=F,"Oct 28, 2020","1,876.10","1,879.80","1,858.80","1,865.60","1,865.60",240
GC=F,"Oct 27, 2020","1,870.90","1,876.20","1,870.90","1,876.20","1,876.20",277
GC=F,"Oct 26, 2020","1,904.60","1,908.80","1,904.40","1,908.80","1,908.80",176
GC=F,"Oct 25, 2020","1,895.50","1,907.00","1,893.50","1,902.70","1,902.70",242
GC=F,"Oct 22, 2020","1,899.90","1,913.30","1,896.20","1,902.00","1,902.00",287
GC=F,"Oct 21, 2020","1,924.30","1,924.30","1,898.20","1,901.10","1,901.10",899
GC=F,"Oct 20, 2020","1,913.60","1,927.30","1,913.60","1,924.60","1,924.60","1,202"
GC=F,"Oct 19, 2020","1,901.30","1,910.40","1,896.10","1,910.40","1,910.40",329
GC=F,"Oct 18, 2020","1,907.30","1,907.80","1,899.50","1,906.40","1,906.40",43
GC=F,"Oct 15, 2020","1,898.50","1,900.80","1,898.50","1,900.80","1,900.80",53
GC=F,"Oct 14, 2020","1,897.30","1,906.30","1,889.60","1,903.20","1,903.20",254
GC=F,"Oct 13, 2020","1,889.70","1,910.80","1,882.50","1,901.30","1,901.30",33
GC=F,"Oct 12, 2020","1,921.90","1,922.20","1,887.00","1,888.50","1,888.50",191
GC=F,"Oct 11, 2020","1,924.00","1,926.50","1,921.60","1,922.50","1,922.50",96
GC=F,"Oct 08, 2020","1,909.30","1,929.10","1,905.10","1,919.50","1,919.50",580
GC=F,"Oct 07, 2020","1,893.00","1,893.00","1,882.70","1,888.60","1,888.60",348
GC=F,"Oct 06, 2020","1,874.10","1,889.80","1,873.10","1,883.60","1,883.60",50
symbol,date,open,high,low,close,adjusted Close,volume
GC=F,"Oct 05, 2020","1,906.60","1,918.00","1,874.40","1,901.10","1,901.10",968
GC=F,"Oct 04, 2020","1,898.90","1,915.60","1,884.70","1,912.50","1,912.50","1,360"
GC=F,"Oct 01, 2020","1,893.90","1,913.00","1,893.90","1,900.20","1,900.20",530
GC=F,"Sep 30, 2020","1,884.10","1,909.60","1,882.50","1,908.40","1,908.40",730
GC=F,"Sep 29, 2020","1,893.00","1,899.70","1,879.80","1,887.50","1,887.50",600
GC=F,"Sep 28, 2020","1,876.50","1,895.40","1,872.40","1,894.30","1,894.30","3,283"
GC=F,"Sep 27, 2020","1,872.80","1,872.80","1,872.80","1,872.80","1,872.80","10,455"
GC=F,"Sep 24, 2020","1,856.30","1,857.70","1,856.30","1,857.70","1,857.70",4
GC=F,"Sep 23, 2020","1,851.50","1,868.30","1,851.50","1,868.30","1,868.30",365
GC=F,"Sep 22, 2020","1,875.50","1,875.50","1,859.90","1,859.90","1,859.90",5
GC=F,"Sep 21, 2020","1,913.10","1,913.10","1,898.60","1,898.60","1,898.60",331
GC=F,"Sep 20, 2020","1,946.20","1,946.20","1,883.40","1,901.20","1,901.20",52
GC=F,"Sep 17, 2020","1,950.50","1,952.10","1,949.00","1,952.10","1,952.10",38
GC=F,"Sep 16, 2020","1,939.00","1,946.00","1,933.70","1,940.00","1,940.00",67
GC=F,"Sep 15, 2020","1,961.30","1,961.40","1,956.70","1,960.20","1,960.20",124
GC=F,"Sep 14, 2020","1,955.80","1,968.50","1,955.80","1,956.30","1,956.30",74
GC=F,"Sep 13, 2020","1,946.30","1,953.10","1,943.00","1,953.10","1,953.10",55
GC=F,"Sep 10, 2020","1,944.00","1,949.50","1,937.80","1,937.80","1,937.80",73
GC=F,"Sep 09, 2020","1,944.10","1,962.70","1,944.10","1,954.20","1,954.20",722
GC=F,"Sep 08, 2020","1,926.90","1,946.20","1,924.60","1,944.70","1,944.70",219
GC=F,"Sep 07, 2020","1,930.90","1,937.90","1,903.10","1,933.00","1,933.00",271
GC=F,"Sep 03, 2020","1,927.90","1,939.70","1,917.70","1,923.90","1,923.90",607
GC=F,"Sep 02, 2020","1,937.10","1,938.80","1,923.00","1,927.60","1,927.60",179
GC=F,"Sep 01, 2020","1,967.30","1,967.30","1,934.40","1,934.40","1,934.40",71
GC=F,"Aug 31, 2020","1,961.70","1,986.30","1,961.70","1,968.20","1,968.20",186
GC=F,"Aug 30, 2020","1,970.00","1,971.30","1,953.30","1,967.60","1,967.60",158
GC=F,"Aug 27, 2020","1,927.10","1,971.30","1,922.50","1,964.60","1,964.60",778
GC=F,"Aug 26, 2020","1,948.90","1,972.50","1,921.60","1,921.60","1,921.60","2,303"
GC=F,"Aug 25, 2020","1,909.70","1,950.80","1,909.70","1,940.70","1,940.70",287
GC=F,"Aug 24, 2020","1,927.50","1,928.50","1,911.80","1,911.80","1,911.80",176
GC=F,"Aug 23, 2020","1,930.20","1,940.00","1,922.20","1,927.70","1,927.70",85
GC=F,"Aug 20, 2020","1,941.00","1,945.00","1,908.90","1,934.60","1,934.60",184
GC=F,"Aug 19, 2020","1,941.20","1,948.30","1,922.30","1,933.80","1,933.80",106
GC=F,"Aug 18, 2020","1,980.00","1,980.00","1,938.70","1,958.70","1,958.70",347
GC=F,"Aug 17, 2020","2,001.10","2,002.80","1,972.10","1,999.40","1,999.40",92
GC=F,"Aug 16, 2020","1,949.60","1,985.00","1,949.60","1,985.00","1,985.00",97
GC=F,"Aug 13, 2020","1,938.70","1,947.40","1,937.00","1,937.00","1,937.00",201
GC=F,"Aug 12, 2020","1,921.50","1,957.40","1,916.90","1,956.70","1,956.70",71
GC=F,"Aug 11, 2020","1,923.00","1,946.60","1,871.60","1,934.90","1,934.90",404
GC=F,"Aug 10, 2020","2,012.40","2,016.00","1,904.00","1,932.60","1,932.60",971
GC=F,"Aug 09, 2020","2,026.40","2,043.80","2,017.50","2,024.40","2,024.40",233
GC=F,"Aug 06, 2020","2,040.10","2,055.00","2,009.60","2,010.10","2,010.10",808
GC=F,"Aug 05, 2020","2,045.50","2,063.00","2,040.00","2,051.50","2,051.50",294
GC=F,"Aug 04, 2020","2,024.00","2,050.20","2,011.00","2,031.10","2,031.10","1,422"
GC=F,"Aug 03, 2020","1,971.00","2,016.20","1,968.80","2,001.20","2,001.20","2,010"
GC=F,"Aug 02, 2020","1,984.30","1,984.30","1,955.50","1,966.00","1,966.00",683
GC=F,"Jul 30, 2020","1,948.60","1,981.10","1,948.00","1,962.80","1,962.80","2,914"
GC=F,"Jul 29, 2020","1,963.40","1,965.10","1,930.00","1,942.30","1,942.30","28,853"
GC=F,"Jul 28, 2020","1,953.20","1,953.50","1,952.60","1,953.50","1,953.50","209,835"
GC=F,"Jul 27, 2020","1,931.50","1,944.70","1,928.60","1,944.70","1,944.70",825
GC=F,"Jul 26, 2020","1,901.70","1,938.00","1,901.50","1,931.00","1,931.00",364
GC=F,"Jul 23, 2020","1,884.30","1,897.30","1,884.30","1,897.30","1,897.30",474
GC=F,"Jul 22, 2020","1,868.70","1,890.30","1,868.50","1,889.10","1,889.10",133
GC=F,"Jul 21, 2020","1,858.10","1,867.00","1,854.70","1,864.10","1,864.10",213
GC=F,"Jul 20, 2020","1,822.00","1,842.40","1,822.00","1,842.40","1,842.40",117
GC=F,"Jul 19, 2020","1,807.00","1,817.30","1,807.00","1,815.90","1,815.90",89
GC=F,"Jul 16, 2020","1,798.50","1,810.10","1,798.50","1,808.30","1,808.30",24
GC=F,"Jul 15, 2020","1,810.90","1,810.90","1,794.30","1,798.70","1,798.70",146
GC=F,"Jul 14, 2020","1,806.10","1,813.50","1,806.10","1,811.40","1,811.40",167
GC=F,"Jul 13, 2020","1,791.00","1,811.50","1,791.00","1,810.60","1,810.60",339
GC=F,"Jul 12, 2020","1,805.00","1,811.00","1,805.00","1,811.00","1,811.00",164
GC=F,"Jul 09, 2020","1,805.50","1,805.50","1,797.70","1,798.20","1,798.20",236
GC=F,"Jul 08, 2020","1,816.10","1,819.80","1,799.20","1,799.20","1,799.20",396
GC=F,"Jul 07, 2020","1,801.50","1,817.90","1,801.50","1,815.50","1,815.50",209
GC=F,"Jul 06, 2020","1,789.30","1,804.20","1,783.30","1,804.20","1,804.20",751
GC=F,"Jul 05, 2020","1,788.20","1,790.10","1,788.20","1,788.50","1,788.50",172
GC=F,"Jul 01, 2020","1,773.40","1,784.00","1,768.70","1,784.00","1,784.00",215
GC=F,"Jun 30, 2020","1,793.60","1,798.00","1,765.80","1,773.20","1,773.20",331
GC=F,"Jun 29, 2020","1,777.30","1,793.20","1,774.40","1,793.00","1,793.00",986
GC=F,"Jun 28, 2020","1,779.80","1,780.20","1,774.30","1,774.80","1,774.80",584
GC=F,"Jun 25, 2020","1,766.00","1,772.50","1,764.70","1,772.50","1,772.50",640
GC=F,"Jun 24, 2020","1,761.70","1,764.80","1,759.80","1,762.10","1,762.10",207
GC=F,"Jun 23, 2020","1,778.30","1,783.10","1,764.50","1,765.80","1,765.80",961
GC=F,"Jun 22, 2020","1,755.40","1,776.30","1,754.20","1,772.10","1,772.10",666
GC=F,"Jun 21, 2020","1,755.20","1,767.60","1,750.50","1,756.70","1,756.70","1,356"
GC=F,"Jun 18, 2020","1,723.70","1,750.70","1,723.50","1,745.90","1,745.90","1,329"
GC=F,"Jun 17, 2020","1,730.50","1,734.10","1,717.30","1,724.80","1,724.80",110
GC=F,"Jun 16, 2020","1,714.70","1,729.20","1,714.70","1,729.20","1,729.20",51
GC=F,"Jun 15, 2020","1,726.30","1,729.60","1,722.40","1,729.60","1,729.60",22
GC=F,"Jun 14, 2020","1,730.00","1,730.00","1,703.30","1,720.30","1,720.30",188
GC=F,"Jun 11, 2020","1,724.90","1,743.00","1,724.90","1,729.30","1,729.30",318
GC=F,"Jun 10, 2020","1,737.20","1,744.10","1,720.00","1,732.00","1,732.00",347
GC=F,"Jun 09, 2020","1,716.10","1,740.80","1,711.90","1,713.30","1,713.30",718
GC=F,"Jun 08, 2020","1,694.60","1,720.90","1,692.00","1,714.70","1,714.70",690
GC=F,"Jun 07, 2020","1,679.10","1,699.40","1,675.90","1,698.30","1,698.30",587
GC=F,"Jun 04, 2020","1,711.80","1,711.80","1,668.60","1,676.20","1,676.20","1,502"
GC=F,"Jun 03, 2020","1,694.50","1,718.90","1,694.50","1,718.90","1,718.90",807
GC=F,"Jun 02, 2020","1,726.30","1,726.30","1,684.50","1,697.80","1,697.80","2,755"
GC=F,"Jun 01, 2020","1,743.00","1,745.50","1,721.80","1,725.20","1,725.20",741
GC=F,"May 31, 2020","1,740.40","1,747.00","1,727.10","1,737.80","1,737.80",871
GC=F,"May 28, 2020","1,718.80","1,738.30","1,715.10","1,736.90","1,736.90","1,526"
GC=F,"May 27, 2020","1,709.30","1,727.80","1,705.00","1,713.30","1,713.30","23,355"
GC=F,"May 26, 2020","1,685.60","1,710.30","1,685.60","1,710.30","1,710.30","137,416"
GC=F,"May 25, 2020","1,726.40","1,726.40","1,704.80","1,704.80","1,704.80",39
GC=F,"May 21, 2020","1,726.60","1,734.60","1,726.60","1,734.60","1,734.60",6
GC=F,"May 20, 2020","1,746.80","1,746.80","1,720.50","1,720.50","1,720.50",528
GC=F,"May 19, 2020","1,751.60","1,752.10","1,745.60","1,750.60","1,750.60",16
GC=F,"May 18, 2020","1,744.20","1,749.50","1,744.20","1,744.20","1,744.20",167
symbol,date,open,high,low,close,adjusted Close,volume
GC=F,"May 17, 2020","1,755.70","1,770.50","1,731.80","1,731.80","1,731.80",229
GC=F,"May 14, 2020","1,739.70","1,753.40","1,739.70","1,753.40","1,753.40",719
GC=F,"May 13, 2020","1,724.30","1,743.10","1,720.50","1,738.10","1,738.10",672
GC=F,"May 12, 2020","1,702.00","1,721.30","1,701.90","1,713.90","1,713.90",431
GC=F,"May 11, 2020","1,699.30","1,713.10","1,699.30","1,704.40","1,704.40",324
GC=F,"May 10, 2020","1,702.30","1,704.50","1,690.20","1,695.30","1,695.30",749
GC=F,"May 07, 2020","1,726.20","1,728.90","1,703.80","1,709.90","1,709.90",330
GC=F,"May 06, 2020","1,686.20","1,721.80","1,685.60","1,721.80","1,721.80",853
GC=F,"May 05, 2020","1,704.00","1,704.00","1,684.20","1,684.20","1,684.20",469
GC=F,"May 04, 2020","1,701.50","1,704.40","1,697.20","1,704.40","1,704.40",82
GC=F,"May 03, 2020","1,702.60","1,709.00","1,699.60","1,706.90","1,706.90",320
GC=F,"Apr 30, 2020","1,686.60","1,701.50","1,670.50","1,694.50","1,694.50",337
GC=F,"Apr 29, 2020","1,719.30","1,719.30","1,680.80","1,684.20","1,684.20",327
GC=F,"Apr 28, 2020","1,710.00","1,713.50","1,702.00","1,703.40","1,703.40",373
GC=F,"Apr 27, 2020","1,716.60","1,716.60","1,707.10","1,710.50","1,710.50","1,255"
GC=F,"Apr 26, 2020","1,731.90","1,731.90","1,711.90","1,711.90","1,711.90",169
GC=F,"Apr 23, 2020","1,744.00","1,744.00","1,714.50","1,723.50","1,723.50",221
GC=F,"Apr 22, 2020","1,734.00","1,745.10","1,733.30","1,733.30","1,733.30",482
GC=F,"Apr 21, 2020","1,696.00","1,728.70","1,684.80","1,728.70","1,728.70",453
GC=F,"Apr 20, 2020","1,697.00","1,707.10","1,659.90","1,678.20","1,678.20",666
GC=F,"Apr 19, 2020","1,686.00","1,701.60","1,680.00","1,701.60","1,701.60",106
GC=F,"Apr 16, 2020","1,715.70","1,725.00","1,684.90","1,689.20","1,689.20",223
GC=F,"Apr 15, 2020","1,731.00","1,750.60","1,715.00","1,720.40","1,720.40",162
GC=F,"Apr 14, 2020","1,739.40","1,744.90","1,722.70","1,727.20","1,727.20",642
GC=F,"Apr 13, 2020","1,756.80","1,775.00","1,739.50","1,756.70","1,756.70",675
GC=F,"Apr 12, 2020","1,722.00","1,756.80","1,710.70","1,744.80","1,744.80",696
GC=F,"Apr 08, 2020","1,662.70","1,736.20","1,662.70","1,736.20","1,736.20",825
GC=F,"Apr 07, 2020","1,669.70","1,677.00","1,662.50","1,665.40","1,665.40",747
GC=F,"Apr 06, 2020","1,695.70","1,724.40","1,658.00","1,664.80","1,664.80","1,144"
GC=F,"Apr 05, 2020","1,629.10","1,696.70","1,625.90","1,677.00","1,677.00","1,063"
GC=F,"Apr 02, 2020","1,624.50","1,636.00","1,619.80","1,633.70","1,633.70",643
GC=F,"Apr 01, 2020","1,590.90","1,631.20","1,586.00","1,625.70","1,625.70","1,294"
GC=F,"Mar 31, 2020","1,570.00","1,600.00","1,570.00","1,578.20","1,578.20","2,158"
GC=F,"Mar 30, 2020","1,618.70","1,621.00","1,576.00","1,583.40","1,583.40","2,874"
GC=F,"Mar 29, 2020","1,641.20","1,652.80","1,607.20","1,622.00","1,622.00","16,389"
GC=F,"Mar 26, 2020","1,623.90","1,623.90","1,623.90","1,623.90","1,623.90","100,638"
GC=F,"Mar 25, 2020","1,660.50","1,660.50","1,650.10","1,650.10","1,650.10",3
GC=F,"Mar 24, 2020","1,676.50","1,676.50","1,631.10","1,632.30","1,632.30",476
GC=F,"Mar 23, 2020","1,592.70","1,685.50","1,592.70","1,660.20","1,660.20",442
GC=F,"Mar 22, 2020","1,505.30","1,567.00","1,490.20","1,567.00","1,567.00",51
GC=F,"Mar 19, 2020","1,483.50","1,484.00","1,483.50","1,484.00","1,484.00",14
GC=F,"Mar 18, 2020","1,481.50","1,491.60","1,471.00","1,478.60","1,478.60",262
GC=F,"Mar 17, 2020","1,537.50","1,542.00","1,477.30","1,477.30","1,477.30",333
GC=F,"Mar 16, 2020","1,469.30","1,537.70","1,469.30","1,524.90","1,524.90",122
GC=F,"Mar 15, 2020","1,569.10","1,569.10","1,452.10","1,485.90","1,485.90",193
GC=F,"Mar 12, 2020","1,574.90","1,589.80","1,513.80","1,515.70","1,515.70",89
GC=F,"Mar 11, 2020","1,637.00","1,647.50","1,566.40","1,589.30","1,589.30",256
GC=F,"Mar 10, 2020","1,656.60","1,666.50","1,635.00","1,641.40","1,641.40",47
GC=F,"Mar 09, 2020","1,671.60","1,674.60","1,643.00","1,659.10","1,659.10",48
GC=F,"Mar 08, 2020","1,696.10","1,701.60","1,657.70","1,674.50","1,674.50",161
GC=F,"Mar 06, 2020","1,670.80","1,686.20","1,647.20","1,670.80","1,670.80",175
GC=F,"Mar 05, 2020","1,637.30","1,672.90","1,637.20","1,666.40","1,666.40",154
GC=F,"Mar 04, 2020","1,645.40","1,645.90","1,631.30","1,641.10","1,641.10",83
GC=F,"Mar 03, 2020","1,594.50","1,645.30","1,594.00","1,642.10","1,642.10",610
GC=F,"Mar 02, 2020","1,583.90","1,608.30","1,574.30","1,592.30","1,592.30",537
GC=F,"Feb 28, 2020","1,640.30","1,642.50","1,564.10","1,564.10","1,564.10",289
GC=F,"Feb 27, 2020","1,641.10","1,658.00","1,638.50","1,640.00","1,640.00",707
GC=F,"Feb 26, 2020","1,644.00","1,648.10","1,636.40","1,640.00","1,640.00","1,990"
GC=F,"Feb 25, 2020","1,645.10","1,653.70","1,632.30","1,646.90","1,646.90",409
GC=F,"Feb 24, 2020","1,657.00","1,686.60","1,650.00","1,672.40","1,672.40",435
GC=F,"Feb 21, 2020","1,619.30","1,645.00","1,619.30","1,644.60","1,644.60",186
GC=F,"Feb 20, 2020","1,606.50","1,621.00","1,603.00","1,616.60","1,616.60",117
GC=F,"Feb 19, 2020","1,600.60","1,610.50","1,599.70","1,607.50","1,607.50",542
GC=F,"Feb 18, 2020","1,579.80","1,604.30","1,579.80","1,600.00","1,600.00",310
GC=F,"Feb 14, 2020","1,575.80","1,582.70","1,574.80","1,582.70","1,582.70",68
GC=F,"Feb 13, 2020","1,570.20","1,575.10","1,570.20","1,575.10","1,575.10",74
GC=F,"Feb 12, 2020","1,565.20","1,568.70","1,561.00","1,567.40","1,567.40",36
GC=F,"Feb 11, 2020","1,570.90","1,571.10","1,561.90","1,565.60","1,565.60",440
GC=F,"Feb 10, 2020","1,569.30","1,574.70","1,568.60","1,574.70","1,574.70",128
GC=F,"Feb 07, 2020","1,564.90","1,571.90","1,560.50","1,568.60","1,568.60",431
GC=F,"Feb 06, 2020","1,553.60","1,565.60","1,551.60","1,565.10","1,565.10",110
GC=F,"Feb 05, 2020","1,553.20","1,560.70","1,547.70","1,557.80","1,557.80","1,305"
GC=F,"Feb 04, 2020","1,577.70","1,577.70","1,547.80","1,550.40","1,550.40",978
GC=F,"Feb 03, 2020","1,592.90","1,593.30","1,568.20","1,577.20","1,577.20","1,062"
GC=F,"Jan 31, 2020","1,573.40","1,589.00","1,570.00","1,582.90","1,582.90","1,095"
GC=F,"Jan 30, 2020","1,576.80","1,585.00","1,571.40","1,583.50","1,583.50","62,336"
GC=F,"Jan 29, 2020","1,569.80","1,569.80","1,569.80","1,569.80","1,569.80","251,274"
GC=F,"Jan 28, 2020","1,576.40","1,576.40","1,569.20","1,569.20","1,569.20",3
GC=F,"Jan 27, 2020","1,584.30","1,584.50","1,576.80","1,576.80","1,576.80",22
GC=F,"Jan 24, 2020","1,556.30","1,571.10","1,556.30","1,571.10","1,571.10",43
GC=F,"Jan 23, 2020","1,553.10","1,564.60","1,552.20","1,564.60","1,564.60",15
GC=F,"Jan 22, 2020","1,549.80","1,557.10","1,549.80","1,555.30","1,555.30",42
GC=F,"Jan 21, 2020","1,559.30","1,566.20","1,551.00","1,556.40","1,556.40",45
GC=F,"Jan 17, 2020","1,554.10","1,558.80","1,553.60","1,558.80","1,558.80",108
GC=F,"Jan 16, 2020","1,555.70","1,556.10","1,548.50","1,549.00","1,549.00",98
GC=F,"Jan 15, 2020","1,548.00","1,553.90","1,545.60","1,552.10","1,552.10",11
GC=F,"Jan 14, 2020","1,546.70","1,546.70","1,534.90","1,542.40","1,542.40",32
GC=F,"Jan 13, 2020","1,557.40","1,558.00","1,548.40","1,548.40","1,548.40",48
GC=F,"Jan 10, 2020","1,551.20","1,558.80","1,545.40","1,557.50","1,557.50",16
GC=F,"Jan 09, 2020","1,555.70","1,555.70","1,543.30","1,551.70","1,551.70",54
GC=F,"Jan 08, 2020","1,579.70","1,604.20","1,552.30","1,557.40","1,557.40",236
GC=F,"Jan 07, 2020","1,558.30","1,576.30","1,558.30","1,571.80","1,571.80",47
GC=F,"Jan 06, 2020","1,580.00","1,580.00","1,560.40","1,566.20","1,566.20",416
GC=F,"Jan 03, 2020","1,530.10","1,552.70","1,530.10","1,549.20","1,549.20",107
GC=F,"Jan 02, 2020","1,518.10","1,528.70","1,518.00","1,524.50","1,524.50",214
GC=F,"Dec 31, 2019","1,513.80","1,523.40","1,513.80","1,519.50","1,519.50",301
GC=F,"Dec 30, 2019","1,512.60","1,515.10","1,510.00","1,514.50","1,514.50",446
symbol,date,open,high,low,close,adjusted Close,volume
GC=F,"Dec 27, 2019","1,513.80","1,513.80","1,513.80","1,513.80","1,513.80",839
GC=F,"Dec 26, 2019","1,505.20","1,512.30","1,505.00","1,509.30","1,509.30",126
GC=F,"Dec 24, 2019","1,488.70","1,499.10","1,488.70","1,499.10","1,499.10",52
GC=F,"Dec 23, 2019","1,482.30","1,482.50","1,479.90","1,482.50","1,482.50",391
GC=F,"Dec 20, 2019","1,476.70","1,478.10","1,474.70","1,474.70","1,474.70",118
GC=F,"Dec 19, 2019","1,475.90","1,478.90","1,473.30","1,478.20","1,478.20",319
GC=F,"Dec 18, 2019","1,472.60","1,472.60","1,472.60","1,472.60","1,472.60",250
GC=F,"Dec 17, 2019","1,474.10","1,476.90","1,474.00","1,474.60","1,474.60",410
GC=F,"Dec 16, 2019","1,473.80","1,475.30","1,473.80","1,475.00","1,475.00",99
GC=F,"Dec 13, 2019","1,463.10","1,475.90","1,463.10","1,475.60","1,475.60",468
GC=F,"Dec 12, 2019","1,475.10","1,483.90","1,463.70","1,466.70","1,466.70",955
GC=F,"Dec 11, 2019","1,463.10","1,475.40","1,463.10","1,469.40","1,469.40",393
GC=F,"Dec 10, 2019","1,460.70","1,467.20","1,460.70","1,462.60","1,462.60",367
GC=F,"Dec 09, 2019","1,458.80","1,464.20","1,458.60","1,459.30","1,459.30","1,461"
GC=F,"Dec 06, 2019","1,475.00","1,476.00","1,458.20","1,459.10","1,459.10",899
GC=F,"Dec 05, 2019","1,474.70","1,478.00","1,472.30","1,476.90","1,476.90",907
GC=F,"Dec 04, 2019","1,477.50","1,483.40","1,471.20","1,474.00","1,474.00",613
GC=F,"Dec 03, 2019","1,461.60","1,480.40","1,459.50","1,478.20","1,478.20","1,460"
GC=F,"Dec 02, 2019","1,462.80","1,464.40","1,453.30","1,462.30","1,462.30","2,172"
GC=F,"Nov 29, 2019","1,453.60","1,465.60","1,452.10","1,465.60","1,465.60","7,020"
GC=F,"Nov 27, 2019","1,461.10","1,461.90","1,452.00","1,453.40","1,453.40","88,364"
GC=F,"Nov 26, 2019","1,459.80","1,459.80","1,459.80","1,459.80","1,459.80","346,362"
GC=F,"Nov 25, 2019","1,457.10","1,457.10","1,455.50","1,456.60","1,456.60",14
GC=F,"Nov 22, 2019","1,468.60","1,468.60","1,463.10","1,463.10","1,463.10",19
GC=F,"Nov 21, 2019","1,463.10","1,463.10","1,463.10","1,463.10","1,463.10",16
GC=F,"Nov 20, 2019","1,472.60","1,474.50","1,467.30","1,473.30","1,473.30",31
GC=F,"Nov 19, 2019","1,467.70","1,474.30","1,467.70","1,473.30","1,473.30",18
GC=F,"Nov 18, 2019","1,472.00","1,472.00","1,469.70","1,470.90","1,470.90",141
GC=F,"Nov 15, 2019","1,469.10","1,469.10","1,467.30","1,467.30","1,467.30",13
GC=F,"Nov 14, 2019","1,463.80","1,471.80","1,463.70","1,471.80","1,471.80",83
GC=F,"Nov 13, 2019","1,456.80","1,463.30","1,456.80","1,461.70","1,461.70",56
GC=F,"Nov 12, 2019","1,454.90","1,454.90","1,447.10","1,452.10","1,452.10",6
GC=F,"Nov 11, 2019","1,461.00","1,461.00","1,449.30","1,455.50","1,455.50",22
GC=F,"Nov 08, 2019","1,469.10","1,469.10","1,461.30","1,461.30","1,461.30",21
GC=F,"Nov 07, 2019","1,489.10","1,489.10","1,464.20","1,464.20","1,464.20",581
GC=F,"Nov 06, 2019","1,483.20","1,491.00","1,483.20","1,490.20","1,490.20",567
GC=F,"Nov 05, 2019","1,507.10","1,507.10","1,480.80","1,480.80","1,480.80",31
GC=F,"Nov 04, 2019","1,511.60","1,511.60","1,508.00","1,508.00","1,508.00",101
GC=F,"Oct 31, 2019","1,511.00","1,511.60","1,503.00","1,508.00","1,508.00",235
GC=F,"Oct 30, 2019","1,496.10","1,513.10","1,496.10","1,511.40","1,511.40",210
GC=F,"Oct 29, 2019","1,487.20","1,495.40","1,481.00","1,493.20","1,493.20",320
GC=F,"Oct 28, 2019","1,485.90","1,487.00","1,485.90","1,487.00","1,487.00",425
GC=F,"Oct 27, 2019","1,504.10","1,504.10","1,490.00","1,490.00","1,490.00",37
GC=F,"Oct 24, 2019","1,501.40","1,514.30","1,499.00","1,499.50","1,499.50",93
GC=F,"Oct 23, 2019","1,490.50","1,501.20","1,485.90","1,498.90","1,498.90",115
GC=F,"Oct 22, 2019","1,486.40","1,490.30","1,486.40","1,489.90","1,489.90",67
GC=F,"Oct 21, 2019","1,483.40","1,483.50","1,481.70","1,481.70","1,481.70",99
GC=F,"Oct 20, 2019","1,489.90","1,489.90","1,481.50","1,482.40","1,482.40",72
GC=F,"Oct 17, 2019","1,487.30","1,489.10","1,486.60","1,488.20","1,488.20",82
GC=F,"Oct 16, 2019","1,486.20","1,493.20","1,485.80","1,492.30","1,492.30",271
GC=F,"Oct 15, 2019","1,482.00","1,488.00","1,480.00","1,488.00","1,488.00",383
GC=F,"Oct 14, 2019","1,488.90","1,495.40","1,476.60","1,477.60","1,477.60",367
GC=F,"Oct 13, 2019","1,484.40","1,493.50","1,481.30","1,491.70","1,491.70",400
GC=F,"Oct 10, 2019","1,491.90","1,494.90","1,476.90","1,482.70","1,482.70",57
GC=F,"Oct 09, 2019","1,511.20","1,511.20","1,490.60","1,494.80","1,494.80",78
GC=F,"Oct 08, 2019","1,507.70","1,507.70","1,498.40","1,506.10","1,506.10",120
GC=F,"Oct 07, 2019","1,489.40","1,506.30","1,489.30","1,497.20","1,497.20",46
GC=F,"Oct 06, 2019","1,504.80","1,505.80","1,489.10","1,497.70","1,497.70",121
GC=F,"Oct 03, 2019","1,505.60","1,508.70","1,497.10","1,506.20","1,506.20",233
GC=F,"Oct 02, 2019","1,497.40","1,518.20","1,496.60","1,507.10","1,507.10","1,213"
GC=F,"Oct 01, 2019","1,476.60","1,503.70","1,474.10","1,501.00","1,501.00",205
GC=F,"Sep 30, 2019","1,468.70","1,485.50","1,458.30","1,482.00","1,482.00",219
GC=F,"Sep 29, 2019","1,495.90","1,495.90","1,463.50","1,465.70","1,465.70","1,078"
GC=F,"Sep 26, 2019","1,504.20","1,506.10","1,485.60","1,499.10","1,499.10","7,827"
GC=F,"Sep 25, 2019","1,507.50","1,507.50","1,507.50","1,507.50","1,507.50","8,178"
GC=F,"Sep 24, 2019","1,527.60","1,527.90","1,504.60","1,504.60","1,504.60",25
GC=F,"Sep 23, 2019","1,515.10","1,533.00","1,515.10","1,532.10","1,532.10",25
GC=F,"Sep 22, 2019","1,515.50","1,523.70","1,515.50","1,523.70","1,523.70",5
GC=F,"Sep 19, 2019","1,503.00","1,507.30","1,503.00","1,507.30","1,507.30",2
GC=F,"Sep 18, 2019","1,496.10","1,502.40","1,496.10","1,498.40","1,498.40",10
GC=F,"Sep 17, 2019","1,508.90","1,509.40","1,489.30","1,507.50","1,507.50",8
GC=F,"Sep 16, 2019","1,497.90","1,505.10","1,497.90","1,505.10","1,505.10",3
GC=F,"Sep 15, 2019","1,506.60","1,506.80","1,496.90","1,503.10","1,503.10",21
GC=F,"Sep 12, 2019","1,490.90","1,490.90","1,486.90","1,490.90","1,490.90",1
GC=F,"Sep 11, 2019","1,499.50","1,515.40","1,498.70","1,498.70","1,498.70",27
GC=F,"Sep 10, 2019","1,491.70","1,496.60","1,490.20","1,494.40","1,494.40",8
GC=F,"Sep 09, 2019","1,498.50","1,498.50","1,486.90","1,490.30","1,490.30",23
GC=F,"Sep 08, 2019","1,509.00","1,513.00","1,498.00","1,502.20","1,502.20",69
GC=F,"Sep 05, 2019","1,517.30","1,526.00","1,504.50","1,506.20","1,506.20",54
GC=F,"Sep 04, 2019","1,551.00","1,551.10","1,511.10","1,515.40","1,515.40",125
GC=F,"Sep 03, 2019","1,549.00","1,553.20","1,534.80","1,550.30","1,550.30",46
GC=F,"Sep 02, 2019","1,522.90","1,547.30","1,521.00","1,545.90","1,545.90",139
GC=F,"Aug 29, 2019","1,524.60","1,530.40","1,516.70","1,519.10","1,519.10",276
GC=F,"Aug 28, 2019","1,537.50","1,549.30","1,519.60","1,526.50","1,526.50",704
GC=F,"Aug 27, 2019","1,538.10","1,538.10","1,537.80","1,537.80","1,537.80","2,756"
GC=F,"Aug 26, 2019","1,530.50","1,542.10","1,528.50","1,541.00","1,541.00",166
GC=F,"Aug 25, 2019","1,543.20","1,543.30","1,524.30","1,526.30","1,526.30",334
GC=F,"Aug 22, 2019","1,493.50","1,527.60","1,493.50","1,526.60","1,526.60",983
GC=F,"Aug 21, 2019","1,495.10","1,497.30","1,493.80","1,497.30","1,497.30",686
GC=F,"Aug 20, 2019","1,504.90","1,505.00","1,498.80","1,504.60","1,504.60",350
GC=F,"Aug 19, 2019","1,497.50","1,506.10","1,497.50","1,504.60","1,504.60",486
GC=F,"Aug 18, 2019","1,507.20","1,507.60","1,492.90","1,500.40","1,500.40",205
GC=F,"Aug 15, 2019","1,524.60","1,524.60","1,504.70","1,512.50","1,512.50","1,815"
GC=F,"Aug 14, 2019","1,519.80","1,522.70","1,510.60","1,519.60","1,519.60",87
GC=F,"Aug 13, 2019","1,500.00","1,520.50","1,497.00","1,515.90","1,515.90",328
GC=F,"Aug 12, 2019","1,510.40","1,531.40","1,483.70","1,502.20","1,502.20",672
GC=F,"Aug 11, 2019","1,496.00","1,514.90","1,488.10","1,505.30","1,505.30",257
GC=F,"Aug 08, 2019","1,506.20","1,507.50","1,495.60","1,496.60","1,496.60",74
symbol,date,open,high,low,close,adjusted Close,volume
GC=F,"Aug 07, 2019","1,498.40","1,508.50","1,492.00","1,497.70","1,497.70",367
GC=F,"Aug 06, 2019","1,473.50","1,509.90","1,473.20","1,507.30","1,507.30",824
GC=F,"Aug 05, 2019","1,469.70","1,475.00","1,457.70","1,472.40","1,472.40",460
GC=F,"Aug 04, 2019","1,440.40","1,469.70","1,440.40","1,464.60","1,464.60","1,008"
GC=F,"Aug 01, 2019","1,448.00","1,448.00","1,432.30","1,445.60","1,445.60","1,873"
GC=F,"Jul 31, 2019","1,411.30","1,445.20","1,400.90","1,420.90","1,420.90","2,431"
GC=F,"Jul 30, 2019","1,431.30","1,435.80","1,411.20","1,426.10","1,426.10","3,294"
GC=F,"Jul 29, 2019","1,426.30","1,433.90","1,422.10","1,429.70","1,429.70","73,874"
GC=F,"Jul 28, 2019","1,419.60","1,419.60","1,419.60","1,419.60","1,419.60","224,267"
GC=F,"Jul 25, 2019","1,422.80","1,423.00","1,418.50","1,418.50","1,418.50",5
GC=F,"Jul 24, 2019","1,413.90","1,413.90","1,413.90","1,413.90","1,413.90",4
GC=F,"Jul 23, 2019","1,422.80","1,422.80","1,422.80","1,422.80","1,422.80",20
GC=F,"Jul 22, 2019","1,418.60","1,421.30","1,416.30","1,420.10","1,420.10",5
GC=F,"Jul 21, 2019","1,425.30","1,425.30","1,424.00","1,425.30","1,425.30",1
GC=F,"Jul 18, 2019","1,440.50","1,442.00","1,425.10","1,425.10","1,425.10",22
GC=F,"Jul 17, 2019","1,422.30","1,444.20","1,419.50","1,426.10","1,426.10",66
GC=F,"Jul 16, 2019","1,404.60","1,421.30","1,404.60","1,421.30","1,421.30",6
GC=F,"Jul 15, 2019","1,413.60","1,413.70","1,405.00","1,409.20","1,409.20",13
GC=F,"Jul 14, 2019","1,414.40","1,415.00","1,411.40","1,411.40","1,411.40",25
GC=F,"Jul 11, 2019","1,405.60","1,410.10","1,405.60","1,409.90","1,409.90",8
GC=F,"Jul 10, 2019","1,424.00","1,424.00","1,404.30","1,404.30","1,404.30",6
GC=F,"Jul 09, 2019","1,409.90","1,410.10","1,409.90","1,410.10","1,410.10",50
GC=F,"Jul 08, 2019","1,394.50","1,397.50","1,386.20","1,397.50","1,397.50",53
GC=F,"Jul 07, 2019","1,395.90","1,397.00","1,393.60","1,397.00","1,397.00",14
GC=F,"Jul 04, 2019","1,418.30","1,418.30","1,390.20","1,396.70","1,396.70",20
GC=F,"Jul 03, 2019","1,431.00","1,434.00","1,413.10","1,417.70","1,417.70",46
GC=F,"Jul 01, 2019","1,391.10","1,418.40","1,390.80","1,404.60","1,404.60",38
GC=F,"Jun 30, 2019","1,386.60","1,395.80","1,382.80","1,385.60","1,385.60",214
GC=F,"Jun 27, 2019","1,408.30","1,422.00","1,408.30","1,409.70","1,409.70",356
GC=F,"Jun 26, 2019","1,407.00","1,410.80","1,399.80","1,408.40","1,408.40",437
GC=F,"Jun 25, 2019","1,407.20","1,413.30","1,405.80","1,411.60","1,411.60","1,333"
GC=F,"Jun 24, 2019","1,418.10","1,433.30","1,414.90","1,414.90","1,414.90",105
GC=F,"Jun 23, 2019","1,406.00","1,420.60","1,402.10","1,414.30","1,414.30",125
GC=F,"Jun 20, 2019","1,406.00","1,406.00","1,390.30","1,396.20","1,396.20",35
GC=F,"Jun 19, 2019","1,381.50","1,392.90","1,379.50","1,392.90","1,392.90",76
GC=F,"Jun 18, 2019","1,344.00","1,344.60","1,344.00","1,344.60","1,344.60",129
GC=F,"Jun 17, 2019","1,349.30","1,349.30","1,341.60","1,346.60","1,346.60",29
GC=F,"Jun 16, 2019","1,339.00","1,340.30","1,335.00","1,338.70","1,338.70",76
GC=F,"Jun 13, 2019","1,345.40","1,355.40","1,339.30","1,340.10","1,340.10",914
GC=F,"Jun 12, 2019","1,331.60","1,341.10","1,331.60","1,339.20","1,339.20",157
GC=F,"Jun 11, 2019","1,326.90","1,334.50","1,326.90","1,331.90","1,331.90",139
GC=F,"Jun 10, 2019","1,328.40","1,328.40","1,319.10","1,326.40","1,326.40",201
GC=F,"Jun 09, 2019","1,335.80","1,336.50","1,324.10","1,324.70","1,324.70",268
GC=F,"Jun 06, 2019","1,333.10","1,347.70","1,329.80","1,341.20","1,341.20",240
GC=F,"Jun 05, 2019","1,330.80","1,338.70","1,326.20","1,337.60","1,337.60",161
GC=F,"Jun 04, 2019","1,328.90","1,343.30","1,326.30","1,328.30","1,328.30",622
GC=F,"Jun 03, 2019","1,324.30","1,328.60","1,320.80","1,323.40","1,323.40",302
GC=F,"Jun 02, 2019","1,307.00","1,327.80","1,307.00","1,322.70","1,322.70",812
GC=F,"May 30, 2019","1,287.70","1,306.40","1,287.50","1,305.80","1,305.80","2,814"
GC=F,"May 29, 2019","1,279.40","1,288.30","1,273.90","1,287.10","1,287.10","55,573"
GC=F,"May 28, 2019","1,280.60","1,280.60","1,280.60","1,280.60","1,280.60","189,694"
GC=F,"May 27, 2019","1,276.50","1,276.50","1,276.50","1,276.50","1,276.50",-
GC=F,"May 23, 2019","1,283.00","1,283.00","1,283.00","1,283.00","1,283.00",9
GC=F,"May 22, 2019","1,284.80","1,284.80","1,284.80","1,284.80","1,284.80",-
GC=F,"May 21, 2019","1,273.60","1,273.60","1,273.60","1,273.60","1,273.60",-
GC=F,"May 20, 2019","1,272.00","1,272.00","1,272.00","1,272.00","1,272.00",-
GC=F,"May 19, 2019","1,276.10","1,276.10","1,276.10","1,276.10","1,276.10",20
GC=F,"May 16, 2019","1,280.00","1,280.00","1,274.50","1,274.50","1,274.50",1
GC=F,"May 15, 2019","1,285.20","1,285.40","1,285.00","1,285.00","1,285.00",3
GC=F,"May 14, 2019","1,296.90","1,296.90","1,296.00","1,296.30","1,296.30",55
GC=F,"May 13, 2019","1,297.80","1,297.80","1,294.70","1,294.70","1,294.70",6
GC=F,"May 12, 2019","1,286.70","1,300.10","1,281.80","1,300.10","1,300.10",56
GC=F,"May 09, 2019","1,285.40","1,286.50","1,283.30","1,285.70","1,285.70",6
GC=F,"May 08, 2019","1,278.90","1,285.00","1,278.80","1,283.50","1,283.50",38
GC=F,"May 07, 2019","1,279.40","1,279.40","1,279.40","1,279.40","1,279.40",5
GC=F,"May 06, 2019","1,280.50","1,283.50","1,280.50","1,283.50","1,283.50",8
GC=F,"May 05, 2019","1,282.20","1,282.20","1,280.30","1,281.70","1,281.70",12
GC=F,"May 02, 2019","1,270.10","1,279.20","1,270.10","1,279.20","1,279.20",15
GC=F,"May 01, 2019","1,269.20","1,270.80","1,266.60","1,269.70","1,269.70",63
GC=F,"Apr 30, 2019","1,278.70","1,283.30","1,278.70","1,281.40","1,281.40",70
GC=F,"Apr 29, 2019","1,281.70","1,283.30","1,280.80","1,282.80","1,282.80",114
GC=F,"Apr 28, 2019","1,284.80","1,284.90","1,277.10","1,278.60","1,278.60",568
GC=F,"Apr 25, 2019","1,284.90","1,284.90","1,284.90","1,284.90","1,284.90",804
GC=F,"Apr 24, 2019","1,280.60","1,280.80","1,275.80","1,275.80","1,275.80",95
GC=F,"Apr 23, 2019","1,268.40","1,275.50","1,267.80","1,275.50","1,275.50",518
GC=F,"Apr 22, 2019","1,266.40","1,269.80","1,266.00","1,269.30","1,269.30",206
GC=F,"Apr 21, 2019","1,273.50","1,273.50","1,273.50","1,273.50","1,273.50",147
GC=F,"Apr 17, 2019","1,270.80","1,273.60","1,270.10","1,271.90","1,271.90",27
GC=F,"Apr 16, 2019","1,273.50","1,273.50","1,271.60","1,272.20","1,272.20",308
GC=F,"Apr 15, 2019","1,285.20","1,285.20","1,272.20","1,272.60","1,272.60",643
GC=F,"Apr 14, 2019","1,284.80","1,287.30","1,282.30","1,286.80","1,286.80",523
GC=F,"Apr 11, 2019","1,293.40","1,293.40","1,289.20","1,290.60","1,290.60",607
GC=F,"Apr 10, 2019","1,307.00","1,307.10","1,288.60","1,288.60","1,288.60",420
GC=F,"Apr 09, 2019","1,304.00","1,309.10","1,301.50","1,309.10","1,309.10",66
GC=F,"Apr 08, 2019","1,298.50","1,304.90","1,298.50","1,303.50","1,303.50",30
GC=F,"Apr 07, 2019","1,292.20","1,302.10","1,291.80","1,297.10","1,297.10",63
GC=F,"Apr 04, 2019","1,292.00","1,292.00","1,283.60","1,290.40","1,290.40",181
GC=F,"Apr 03, 2019","1,290.60","1,292.60","1,279.50","1,289.00","1,289.00",269
GC=F,"Apr 02, 2019","1,291.40","1,293.10","1,287.50","1,289.90","1,289.90",172
GC=F,"Apr 01, 2019","1,286.30","1,290.90","1,284.50","1,290.00","1,290.00",525
GC=F,"Mar 31, 2019","1,291.80","1,295.90","1,285.70","1,288.40","1,288.40",675
GC=F,"Mar 28, 2019","1,289.60","1,298.50","1,286.10","1,293.00","1,293.00","1,265"
GC=F,"Mar 27, 2019","1,308.40","1,311.10","1,287.70","1,289.80","1,289.80","87,798"
GC=F,"Mar 26, 2019","1,309.90","1,309.90","1,309.90","1,309.90","1,309.90","206,263"
GC=F,"Mar 25, 2019","1,315.60","1,315.60","1,314.30","1,314.30","1,314.30",1
GC=F,"Mar 24, 2019","1,320.70","1,322.90","1,320.70","1,321.90","1,321.90",19
GC=F,"Mar 21, 2019","1,311.60","1,311.60","1,311.60","1,311.60","1,311.60",-
GC=F,"Mar 20, 2019","1,306.10","1,306.10","1,306.10","1,306.10","1,306.10",-
symbol,date,open,high,low,close,adjusted Close,volume
GC=F,"Mar 19, 2019","1,300.70","1,300.70","1,300.50","1,300.50","1,300.50",2
GC=F,"Mar 18, 2019","1,306.90","1,306.90","1,304.80","1,305.00","1,305.00",20
GC=F,"Mar 17, 2019","1,297.30","1,302.20","1,297.30","1,300.30","1,300.30",8
GC=F,"Mar 14, 2019","1,300.90","1,304.70","1,300.50","1,301.80","1,301.80",26
GC=F,"Mar 13, 2019","1,293.40","1,293.40","1,293.40","1,293.40","1,293.40",1
GC=F,"Mar 12, 2019","1,307.50","1,307.50","1,307.50","1,307.50","1,307.50",-
GC=F,"Mar 11, 2019","1,294.70","1,296.30","1,294.70","1,296.30","1,296.30",1
GC=F,"Mar 10, 2019","1,291.00","1,291.00","1,288.80","1,288.80","1,288.80",9
GC=F,"Mar 08, 2019","1,292.10","1,297.40","1,291.60","1,297.00","1,297.00",10
GC=F,"Mar 07, 2019","1,281.00","1,284.60","1,281.00","1,283.80","1,283.80",11
GC=F,"Mar 06, 2019","1,287.10","1,287.10","1,282.60","1,284.90","1,284.90",14
GC=F,"Mar 05, 2019","1,287.00","1,287.00","1,282.00","1,282.00","1,282.00",114
GC=F,"Mar 04, 2019","1,285.50","1,287.00","1,281.90","1,284.80","1,284.80",28
GC=F,"Mar 01, 2019","1,312.20","1,312.20","1,288.90","1,296.40","1,296.40",110
GC=F,"Feb 28, 2019","1,321.10","1,323.70","1,311.50","1,312.80","1,312.80",141
GC=F,"Feb 27, 2019","1,327.70","1,327.90","1,316.50","1,317.70","1,317.70",604
GC=F,"Feb 26, 2019","1,323.30","1,325.50","1,323.30","1,325.10","1,325.10",939
GC=F,"Feb 25, 2019","1,329.20","1,331.60","1,325.60","1,325.90","1,325.90",185
GC=F,"Feb 22, 2019","1,324.20","1,331.30","1,321.00","1,329.20","1,329.20",718
GC=F,"Feb 21, 2019","1,331.30","1,334.90","1,320.90","1,323.50","1,323.50",414
GC=F,"Feb 20, 2019","1,342.20","1,344.00","1,338.00","1,343.30","1,343.30",581
GC=F,"Feb 19, 2019","1,320.90","1,340.10","1,320.50","1,340.10","1,340.10",390
GC=F,"Feb 15, 2019","1,313.60","1,318.80","1,313.60","1,318.10","1,318.10",190
GC=F,"Feb 14, 2019","1,305.00","1,311.80","1,301.60","1,309.80","1,309.80",858
GC=F,"Feb 13, 2019","1,311.60","1,316.00","1,308.10","1,310.80","1,310.80",143
GC=F,"Feb 12, 2019","1,310.00","1,312.00","1,307.60","1,309.20","1,309.20",109
GC=F,"Feb 11, 2019","1,313.40","1,313.40","1,304.70","1,307.00","1,307.00",119
GC=F,"Feb 08, 2019","1,309.50","1,314.00","1,307.80","1,313.70","1,313.70",122
GC=F,"Feb 07, 2019","1,302.90","1,310.40","1,302.20","1,309.40","1,309.40",203
GC=F,"Feb 06, 2019","1,312.50","1,313.50","1,305.00","1,309.50","1,309.50",358
GC=F,"Feb 05, 2019","1,311.10","1,315.10","1,311.00","1,314.20","1,314.20",362
GC=F,"Feb 04, 2019","1,318.10","1,318.10","1,308.30","1,314.30","1,314.30",675
GC=F,"Feb 01, 2019","1,320.30","1,320.70","1,315.40","1,316.90","1,316.90",878
GC=F,"Jan 31, 2019","1,320.00","1,325.40","1,316.70","1,319.70","1,319.70","1,970"
GC=F,"Jan 30, 2019","1,310.40","1,323.40","1,308.10","1,309.90","1,309.90","54,958"
GC=F,"Jan 29, 2019","1,308.20","1,308.20","1,308.20","1,308.20","1,308.20","213,607"
GC=F,"Jan 28, 2019","1,300.80","1,307.10","1,298.40","1,302.40","1,302.40",54
GC=F,"Jan 25, 2019","1,297.40","1,297.40","1,297.40","1,297.40","1,297.40",-
GC=F,"Jan 24, 2019","1,279.10","1,279.10","1,278.50","1,279.10","1,279.10",1
GC=F,"Jan 23, 2019","1,281.70","1,283.90","1,278.70","1,283.10","1,283.10",14
GC=F,"Jan 22, 2019","1,282.50","1,283.30","1,282.50","1,282.50","1,282.50",7
GC=F,"Jan 18, 2019","1,281.30","1,281.30","1,281.30","1,281.30","1,281.30",3
GC=F,"Jan 17, 2019","1,291.60","1,292.70","1,288.50","1,291.00","1,291.00",10
GC=F,"Jan 16, 2019","1,291.60","1,291.60","1,291.60","1,291.60","1,291.60",2
GC=F,"Jan 15, 2019","1,290.10","1,292.70","1,286.20","1,286.20","1,286.20",3
GC=F,"Jan 14, 2019","1,292.40","1,293.90","1,289.10","1,289.10","1,289.10",7
GC=F,"Jan 11, 2019","1,291.20","1,291.20","1,286.30","1,287.10","1,287.10",11
GC=F,"Jan 10, 2019","1,284.70","1,284.70","1,284.70","1,284.70","1,284.70",-
GC=F,"Jan 09, 2019","1,279.40","1,289.30","1,279.20","1,289.30","1,289.30",102
GC=F,"Jan 08, 2019","1,280.50","1,283.20","1,278.20","1,283.20","1,283.20",54
GC=F,"Jan 07, 2019","1,286.80","1,286.80","1,286.60","1,286.80","1,286.80",2
GC=F,"Jan 04, 2019","1,294.20","1,294.20","1,275.30","1,282.70","1,282.70",34
GC=F,"Jan 03, 2019","1,286.80","1,292.00","1,286.70","1,291.80","1,291.80",10
GC=F,"Jan 02, 2019","1,286.00","1,286.00","1,277.60","1,281.00","1,281.00",149
GC=F,"Dec 31, 2018","1,278.00","1,281.30","1,277.60","1,278.30","1,278.30",19
GC=F,"Dec 28, 2018","1,273.50","1,280.10","1,273.50","1,279.90","1,279.90",805
GC=F,"Dec 27, 2018","1,276.70","1,277.30","1,276.70","1,277.30","1,277.30",480
GC=F,"Dec 26, 2018","1,269.30","1,277.40","1,269.20","1,269.20","1,269.20",63
GC=F,"Dec 24, 2018","1,260.30","1,268.50","1,260.30","1,267.50","1,267.50",27
GC=F,"Dec 21, 2018","1,260.30","1,261.30","1,253.80","1,253.80","1,253.80",96
GC=F,"Dec 20, 2018","1,243.20","1,263.60","1,243.20","1,263.60","1,263.60",49
GC=F,"Dec 19, 2018","1,255.80","1,255.80","1,252.10","1,252.10","1,252.10",268
GC=F,"Dec 18, 2018","1,248.20","1,249.20","1,245.60","1,249.20","1,249.20",31
GC=F,"Dec 17, 2018","1,239.30","1,247.40","1,239.30","1,247.40","1,247.40",10
GC=F,"Dec 14, 2018","1,241.70","1,241.70","1,234.10","1,237.00","1,237.00",33
GC=F,"Dec 13, 2018","1,243.50","1,243.50","1,241.00","1,242.70","1,242.70",194
GC=F,"Dec 12, 2018","1,245.30","1,245.60","1,244.10","1,244.40","1,244.40",84
GC=F,"Dec 11, 2018","1,245.80","1,248.70","1,241.50","1,241.90","1,241.90",117
GC=F,"Dec 10, 2018","1,249.60","1,249.60","1,241.70","1,243.70","1,243.70",131
GC=F,"Dec 07, 2018","1,238.30","1,249.80","1,237.60","1,246.80","1,246.80",211
GC=F,"Dec 06, 2018","1,237.50","1,244.40","1,234.80","1,238.10","1,238.10",434
GC=F,"Dec 04, 2018","1,231.00","1,241.40","1,230.40","1,241.10","1,241.10",474
GC=F,"Dec 03, 2018","1,222.50","1,234.10","1,221.30","1,233.90","1,233.90",751
GC=F,"Nov 30, 2018","1,224.10","1,225.00","1,216.10","1,220.20","1,220.20","2,060"
GC=F,"Nov 29, 2018","1,221.00","1,228.70","1,220.50","1,224.10","1,224.10","55,478"
GC=F,"Nov 28, 2018","1,211.50","1,221.40","1,211.50","1,221.40","1,221.40","247,168"
GC=F,"Nov 27, 2018","1,221.90","1,222.00","1,211.20","1,211.20","1,211.20",5
GC=F,"Nov 26, 2018","1,220.20","1,222.00","1,220.20","1,220.20","1,220.20",2
GC=F,"Nov 23, 2018","1,224.80","1,224.80","1,221.00","1,221.00","1,221.00",1
GC=F,"Nov 21, 2018","1,225.80","1,225.80","1,225.80","1,225.80","1,225.80",-
GC=F,"Nov 20, 2018","1,225.30","1,228.80","1,219.00","1,219.00","1,219.00",12
GC=F,"Nov 19, 2018","1,223.10","1,223.10","1,223.10","1,223.10","1,223.10",-
GC=F,"Nov 16, 2018","1,216.70","1,223.80","1,216.70","1,220.80","1,220.80",5
GC=F,"Nov 15, 2018","1,212.80","1,212.80","1,212.80","1,212.80","1,212.80",-
GC=F,"Nov 14, 2018","1,207.90","1,207.90","1,207.90","1,207.90","1,207.90",-
GC=F,"Nov 13, 2018","1,196.30","1,201.30","1,196.30","1,199.20","1,199.20",5
GC=F,"Nov 12, 2018","1,201.60","1,201.60","1,201.30","1,201.30","1,201.30",1
GC=F,"Nov 09, 2018","1,207.90","1,207.90","1,206.40","1,206.40","1,206.40",14
GC=F,"Nov 08, 2018","1,222.90","1,222.90","1,222.90","1,222.90","1,222.90",2
GC=F,"Nov 07, 2018","1,228.60","1,228.60","1,226.20","1,226.20","1,226.20",1
GC=F,"Nov 06, 2018","1,230.70","1,233.80","1,223.80","1,223.80","1,223.80",4
GC=F,"Nov 05, 2018","1,230.60","1,231.50","1,226.70","1,229.80","1,229.80",15
GC=F,"Nov 01, 2018","1,233.30","1,233.30","1,230.90","1,230.90","1,230.90",18
GC=F,"Oct 31, 2018","1,215.40","1,236.00","1,215.40","1,236.00","1,236.00",14
GC=F,"Oct 30, 2018","1,216.00","1,216.60","1,212.00","1,212.30","1,212.30",121
symbol,date,open,high,low,close,adjusted Close,volume
GC=F,"Oct 29, 2018","1,227.70","1,227.70","1,219.80","1,222.60","1,222.60",72
GC=F,"Oct 28, 2018","1,224.50","1,224.50","1,224.50","1,224.50","1,224.50",214
GC=F,"Oct 25, 2018","1,234.30","1,234.80","1,232.50","1,232.50","1,232.50",20
GC=F,"Oct 24, 2018","1,238.60","1,238.60","1,229.10","1,229.10","1,229.10",7
GC=F,"Oct 23, 2018","1,231.60","1,231.60","1,227.80","1,227.80","1,227.80",36
GC=F,"Oct 22, 2018","1,224.80","1,237.80","1,224.80","1,233.40","1,233.40",33
GC=F,"Oct 21, 2018","1,224.50","1,224.50","1,219.60","1,221.20","1,221.20",18
GC=F,"Oct 18, 2018","1,225.30","1,225.30","1,225.30","1,225.30","1,225.30",55
GC=F,"Oct 17, 2018","1,226.50","1,226.50","1,226.50","1,226.50","1,226.50",165
GC=F,"Oct 16, 2018","1,225.90","1,225.90","1,223.70","1,223.70","1,223.70",1
GC=F,"Oct 15, 2018","1,227.10","1,230.50","1,227.10","1,227.30","1,227.30",426
GC=F,"Oct 14, 2018","1,222.40","1,232.30","1,222.40","1,226.40","1,226.40",136
GC=F,"Oct 11, 2018","1,221.60","1,221.60","1,216.00","1,218.10","1,218.10",122
GC=F,"Oct 10, 2018","1,198.10","1,224.60","1,196.30","1,223.50","1,223.50",126
GC=F,"Oct 09, 2018","1,189.30","1,192.00","1,189.30","1,189.30","1,189.30","1,078"
GC=F,"Oct 08, 2018","1,185.60","1,189.10","1,185.60","1,187.20","1,187.20",9
GC=F,"Oct 07, 2018","1,201.00","1,201.00","1,183.70","1,184.40","1,184.40",250
GC=F,"Oct 04, 2018","1,197.10","1,205.30","1,196.90","1,201.20","1,201.20",34
GC=F,"Oct 03, 2018","1,199.30","1,204.60","1,197.20","1,197.20","1,197.20",496
GC=F,"Oct 02, 2018","1,202.60","1,202.60","1,196.60","1,198.30","1,198.30",76
GC=F,"Oct 01, 2018","1,193.00","1,206.00","1,190.30","1,202.40","1,202.40",451
GC=F,"Sep 30, 2018","1,191.60","1,191.60","1,185.80","1,187.10","1,187.10",180
GC=F,"Sep 27, 2018","1,181.70","1,191.90","1,180.00","1,191.50","1,191.50",404
GC=F,"Sep 26, 2018","1,194.60","1,197.30","1,180.50","1,182.30","1,182.30","4,947"
GC=F,"Sep 25, 2018","1,194.00","1,194.00","1,194.00","1,194.00","1,194.00","17,857"
GC=F,"Sep 24, 2018","1,202.10","1,202.80","1,200.00","1,200.00","1,200.00",21
GC=F,"Sep 23, 2018","1,199.30","1,199.30","1,199.30","1,199.30","1,199.30",-
GC=F,"Sep 20, 2018","1,196.20","1,196.20","1,196.20","1,196.20","1,196.20",-
GC=F,"Sep 19, 2018","1,206.20","1,206.20","1,206.20","1,206.20","1,206.20",-
GC=F,"Sep 18, 2018","1,202.20","1,202.20","1,202.20","1,202.20","1,202.20",-
GC=F,"Sep 17, 2018","1,198.70","1,198.70","1,196.80","1,196.80","1,196.80",2
GC=F,"Sep 16, 2018","1,199.70","1,199.70","1,199.70","1,199.70","1,199.70",-
GC=F,"Sep 13, 2018","1,195.00","1,195.00","1,195.00","1,195.00","1,195.00",1
GC=F,"Sep 12, 2018","1,203.40","1,203.40","1,200.00","1,202.00","1,202.00",22
GC=F,"Sep 11, 2018","1,205.00","1,205.00","1,204.70","1,204.70","1,204.70",37
GC=F,"Sep 10, 2018","1,190.40","1,196.30","1,190.40","1,195.40","1,195.40",21
GC=F,"Sep 09, 2018","1,193.00","1,193.00","1,193.00","1,193.00","1,193.00",11
GC=F,"Sep 06, 2018","1,198.30","1,198.30","1,193.10","1,193.60","1,193.60",29
GC=F,"Sep 05, 2018","1,202.00","1,202.00","1,197.90","1,197.90","1,197.90",7
GC=F,"Sep 04, 2018","1,192.50","1,196.00","1,192.50","1,194.90","1,194.90",21
GC=F,"Sep 03, 2018","1,193.80","1,193.80","1,189.90","1,192.70","1,192.70",26
GC=F,"Aug 30, 2018","1,207.10","1,208.20","1,199.10","1,200.30","1,200.30",191
GC=F,"Aug 29, 2018","1,205.40","1,205.60","1,196.00","1,197.70","1,197.70",493
GC=F,"Aug 28, 2018","1,205.20","1,205.20","1,202.40","1,204.50","1,204.50",817
GC=F,"Aug 27, 2018","1,209.70","1,217.00","1,202.30","1,207.40","1,207.40",136
GC=F,"Aug 26, 2018","1,210.30","1,211.40","1,205.20","1,209.00","1,209.00",154
GC=F,"Aug 23, 2018","1,185.30","1,208.00","1,185.30","1,206.30","1,206.30",12
GC=F,"Aug 22, 2018","1,189.30","1,190.30","1,184.90","1,187.00","1,187.00",95
GC=F,"Aug 21, 2018","1,194.70","1,196.30","1,194.70","1,196.30","1,196.30",17
GC=F,"Aug 20, 2018","1,189.80","1,192.60","1,189.80","1,192.60","1,192.60",22
GC=F,"Aug 19, 2018","1,184.80","1,190.00","1,184.40","1,186.80","1,186.80",68
GC=F,"Aug 16, 2018","1,174.70","1,181.20","1,174.70","1,176.50","1,176.50",66
GC=F,"Aug 15, 2018","1,173.20","1,180.20","1,161.40","1,176.20","1,176.20",123
GC=F,"Aug 14, 2018","1,187.80","1,188.10","1,174.60","1,177.50","1,177.50",71
GC=F,"Aug 13, 2018","1,193.10","1,197.50","1,192.80","1,193.00","1,193.00",92
GC=F,"Aug 12, 2018","1,207.00","1,207.40","1,191.30","1,191.30","1,191.30",78
GC=F,"Aug 09, 2018","1,212.50","1,216.40","1,205.60","1,211.10","1,211.10",75
GC=F,"Aug 08, 2018","1,214.50","1,215.30","1,211.60","1,211.90","1,211.90",44
GC=F,"Aug 07, 2018","1,212.00","1,215.20","1,205.90","1,212.60","1,212.60",209
GC=F,"Aug 06, 2018","1,207.80","1,214.80","1,207.80","1,209.60","1,209.60",715
GC=F,"Aug 05, 2018","1,214.40","1,214.40","1,206.60","1,208.60","1,208.60",297
GC=F,"Aug 02, 2018","1,206.50","1,218.60","1,205.10","1,214.20","1,214.20",784
GC=F,"Aug 01, 2018","1,214.70","1,219.30","1,205.80","1,210.60","1,210.60",411
GC=F,"Jul 31, 2018","1,222.90","1,223.70","1,214.40","1,217.90","1,217.90","1,026"
GC=F,"Jul 30, 2018","1,220.40","1,228.10","1,213.00","1,223.70","1,223.70","2,722"
GC=F,"Jul 29, 2018","1,222.50","1,223.90","1,218.10","1,221.30","1,221.30","62,239"
GC=F,"Jul 26, 2018","1,222.60","1,222.60","1,222.60","1,222.60","1,222.60","254,428"
GC=F,"Jul 25, 2018","1,227.80","1,227.80","1,225.30","1,225.30","1,225.30",1
GC=F,"Jul 24, 2018","1,231.40","1,231.40","1,231.40","1,231.40","1,231.40",-
GC=F,"Jul 23, 2018","1,223.90","1,223.90","1,223.90","1,223.90","1,223.90",-
GC=F,"Jul 22, 2018","1,222.00","1,224.00","1,222.00","1,224.00","1,224.00",1
GC=F,"Jul 19, 2018","1,229.50","1,229.50","1,229.50","1,229.50","1,229.50",-
GC=F,"Jul 18, 2018","1,227.20","1,228.00","1,211.70","1,222.40","1,222.40",33
GC=F,"Jul 17, 2018","1,226.70","1,226.70","1,222.20","1,226.30","1,226.30",67
GC=F,"Jul 16, 2018","1,225.70","1,225.70","1,225.70","1,225.70","1,225.70",-
GC=F,"Jul 15, 2018","1,242.70","1,243.80","1,238.10","1,238.10","1,238.10",2
GC=F,"Jul 12, 2018","1,244.70","1,247.00","1,239.60","1,239.60","1,239.60",2
GC=F,"Jul 11, 2018","1,240.90","1,246.70","1,240.90","1,245.00","1,245.00",7
GC=F,"Jul 10, 2018","1,253.20","1,253.20","1,242.80","1,242.80","1,242.80",30
GC=F,"Jul 09, 2018","1,256.20","1,256.90","1,249.30","1,253.80","1,253.80",65
GC=F,"Jul 08, 2018","1,258.20","1,262.30","1,257.70","1,258.10","1,258.10",37
GC=F,"Jul 05, 2018","1,255.50","1,255.50","1,254.30","1,254.30","1,254.30",7
GC=F,"Jul 04, 2018","1,255.50","1,257.30","1,253.60","1,257.30","1,257.30",9
GC=F,"Jul 03, 2018","1,238.10","1,254.10","1,237.00","1,251.60","1,251.60",36
GC=F,"Jul 01, 2018","1,249.90","1,249.90","1,239.80","1,239.80","1,239.80",29
GC=F,"Jun 28, 2018","1,250.30","1,253.30","1,249.10","1,251.30","1,251.30",48
GC=F,"Jun 27, 2018","1,251.70","1,251.70","1,244.80","1,247.80","1,247.80",378
GC=F,"Jun 26, 2018","1,255.50","1,255.50","1,252.30","1,252.80","1,252.80","1,162"
GC=F,"Jun 25, 2018","1,267.20","1,267.20","1,256.60","1,256.60","1,256.60",89
GC=F,"Jun 24, 2018","1,270.60","1,271.20","1,265.60","1,265.60","1,265.60",37
GC=F,"Jun 21, 2018","1,268.10","1,270.20","1,267.00","1,267.40","1,267.40",74
GC=F,"Jun 20, 2018","1,262.70","1,268.90","1,260.00","1,267.20","1,267.20",46
GC=F,"Jun 19, 2018","1,274.40","1,274.40","1,271.20","1,271.20","1,271.20",7
GC=F,"Jun 18, 2018","1,278.70","1,281.80","1,269.90","1,275.60","1,275.60",34
GC=F,"Jun 17, 2018","1,280.70","1,280.70","1,276.20","1,276.20","1,276.20",35
GC=F,"Jun 14, 2018","1,297.20","1,307.70","1,274.00","1,274.60","1,274.60",589
GC=F,"Jun 13, 2018","1,297.20","1,307.70","1,297.20","1,304.00","1,304.00",42
GC=F,"Jun 12, 2018","1,294.00","1,299.40","1,290.90","1,296.90","1,296.90",135
GC=F,"Jun 11, 2018","1,297.80","1,298.10","1,292.70","1,295.10","1,295.10",153
symbol,date,open,high,low,close,adjusted Close,volume
GC=F,"Jun 10, 2018","1,299.30","1,302.00","1,295.20","1,298.90","1,298.90",71
GC=F,"Jun 07, 2018","1,295.30","1,299.40","1,294.80","1,298.10","1,298.10",650
GC=F,"Jun 06, 2018","1,298.40","1,302.80","1,296.20","1,298.70","1,298.70",79
GC=F,"Jun 05, 2018","1,296.10","1,300.40","1,294.10","1,297.10","1,297.10",373
GC=F,"Jun 04, 2018","1,292.10","1,299.80","1,289.90","1,297.50","1,297.50",357
GC=F,"Jun 03, 2018","1,293.90","1,297.10","1,290.00","1,293.10","1,293.10",144
GC=F,"May 31, 2018","1,298.60","1,299.50","1,288.90","1,294.80","1,294.80",663
GC=F,"May 30, 2018","1,301.00","1,306.80","1,296.60","1,300.10","1,300.10","4,082"
GC=F,"May 29, 2018","1,298.00","1,303.70","1,295.20","1,301.50","1,301.50","50,845"
GC=F,"May 28, 2018","1,298.70","1,298.70","1,298.70","1,298.70","1,298.70","386,334"
GC=F,"May 24, 2018","1,303.30","1,303.30","1,303.30","1,303.30","1,303.30",1
GC=F,"May 23, 2018","1,303.70","1,303.70","1,303.70","1,303.70","1,303.70",-
GC=F,"May 22, 2018","1,289.30","1,289.30","1,289.30","1,289.30","1,289.30",10
GC=F,"May 21, 2018","1,291.70","1,291.70","1,291.70","1,291.70","1,291.70",50
GC=F,"May 20, 2018","1,287.40","1,292.10","1,287.40","1,290.20","1,290.20",52
GC=F,"May 17, 2018","1,285.20","1,290.20","1,285.20","1,290.20","1,290.20",2
GC=F,"May 16, 2018","1,291.30","1,291.30","1,288.20","1,288.20","1,288.20",2
GC=F,"May 15, 2018","1,290.90","1,294.00","1,285.40","1,290.20","1,290.20",26
GC=F,"May 14, 2018","1,304.60","1,304.70","1,288.90","1,288.90","1,288.90",8
GC=F,"May 13, 2018","1,319.90","1,319.90","1,316.50","1,316.50","1,316.50",4
GC=F,"May 10, 2018","1,319.00","1,319.00","1,319.00","1,319.00","1,319.00",3
GC=F,"May 09, 2018","1,312.20","1,320.80","1,312.20","1,320.80","1,320.80",8
GC=F,"May 08, 2018","1,311.30","1,311.30","1,311.30","1,311.30","1,311.30",70
GC=F,"May 07, 2018","1,310.10","1,312.00","1,308.50","1,312.00","1,312.00",337
GC=F,"May 06, 2018","1,310.60","1,312.50","1,310.20","1,312.20","1,312.20",4
GC=F,"May 03, 2018","1,312.70","1,312.70","1,312.70","1,312.70","1,312.70",-
GC=F,"May 02, 2018","1,310.70","1,310.70","1,310.70","1,310.70","1,310.70",4
GC=F,"May 01, 2018","1,309.00","1,309.30","1,302.60","1,302.60","1,302.60",23
GC=F,"Apr 30, 2018","1,313.20","1,313.80","1,303.40","1,303.80","1,303.80",28
GC=F,"Apr 29, 2018","1,309.60","1,316.20","1,309.60","1,316.20","1,316.20",49
GC=F,"Apr 26, 2018","1,315.30","1,321.70","1,312.80","1,320.30","1,320.30",622
GC=F,"Apr 25, 2018","1,315.70","1,316.30","1,315.70","1,316.30","1,316.30",569
GC=F,"Apr 24, 2018","1,324.00","1,325.00","1,320.00","1,321.20","1,321.20",278
GC=F,"Apr 23, 2018","1,326.40","1,331.70","1,326.20","1,331.40","1,331.40",28
GC=F,"Apr 22, 2018","1,334.00","1,334.40","1,322.50","1,322.50","1,322.50",68
GC=F,"Apr 19, 2018","1,342.50","1,343.40","1,335.30","1,336.70","1,336.70",310
GC=F,"Apr 18, 2018","1,348.60","1,355.20","1,341.60","1,346.80","1,346.80",387
GC=F,"Apr 17, 2018","1,343.50","1,354.20","1,343.50","1,351.20","1,351.20",45
GC=F,"Apr 16, 2018","1,348.00","1,348.10","1,339.00","1,347.20","1,347.20",409
GC=F,"Apr 15, 2018","1,341.00","1,348.80","1,341.00","1,347.50","1,347.50",60
GC=F,"Apr 12, 2018","1,335.90","1,346.00","1,335.90","1,344.80","1,344.80",67
GC=F,"Apr 11, 2018","1,351.20","1,351.50","1,334.60","1,338.40","1,338.40",34
GC=F,"Apr 10, 2018","1,340.10","1,365.40","1,340.10","1,356.50","1,356.50",118
GC=F,"Apr 09, 2018","1,335.20","1,342.00","1,333.00","1,342.00","1,342.00",105
GC=F,"Apr 08, 2018","1,333.00","1,337.50","1,327.00","1,336.30","1,336.30",290
GC=F,"Apr 05, 2018","1,326.50","1,333.00","1,319.00","1,331.90","1,331.90",348
GC=F,"Apr 04, 2018","1,333.50","1,333.70","1,322.60","1,324.30","1,324.30",258
GC=F,"Apr 03, 2018","1,331.80","1,347.30","1,331.60","1,335.80","1,335.80",718
GC=F,"Apr 02, 2018","1,340.40","1,341.50","1,328.50","1,332.80","1,332.80",702
GC=F,"Apr 01, 2018","1,327.00","1,344.20","1,324.70","1,342.10","1,342.10",649
GC=F,"Mar 28, 2018","1,324.00","1,327.10","1,321.70","1,322.80","1,322.80","5,585"
GC=F,"Mar 27, 2018","1,345.00","1,346.40","1,322.40","1,324.20","1,324.20","59,284"
GC=F,"Mar 26, 2018","1,341.00","1,341.30","1,341.00","1,341.30","1,341.30","290,889"
GC=F,"Mar 25, 2018","1,348.50","1,354.40","1,345.10","1,354.40","1,354.40",10
GC=F,"Mar 22, 2018","1,343.20","1,349.30","1,343.20","1,349.30","1,349.30",8
GC=F,"Mar 21, 2018","1,326.60","1,326.60","1,326.60","1,326.60","1,326.60",-
GC=F,"Mar 20, 2018","1,312.40","1,328.80","1,312.40","1,320.70","1,320.70",34
GC=F,"Mar 19, 2018","1,311.10","1,311.10","1,311.10","1,311.10","1,311.10",4
GC=F,"Mar 18, 2018","1,309.40","1,316.90","1,307.30","1,316.80","1,316.80",6
GC=F,"Mar 15, 2018","1,310.10","1,311.30","1,310.10","1,311.30","1,311.30",34
GC=F,"Mar 14, 2018","1,316.80","1,316.80","1,316.80","1,316.80","1,316.80",-
GC=F,"Mar 13, 2018","1,322.20","1,324.40","1,322.20","1,324.40","1,324.40",19
GC=F,"Mar 12, 2018","1,325.90","1,325.90","1,325.30","1,325.90","1,325.90",13
GC=F,"Mar 11, 2018","1,319.40","1,319.40","1,319.40","1,319.40","1,319.40",-
GC=F,"Mar 09, 2018","1,316.80","1,322.40","1,313.00","1,322.40","1,322.40",88
GC=F,"Mar 08, 2018","1,324.80","1,326.80","1,319.30","1,319.90","1,319.90",62
GC=F,"Mar 07, 2018","1,338.10","1,338.10","1,326.00","1,326.00","1,326.00",27
GC=F,"Mar 06, 2018","1,321.60","1,333.60","1,321.40","1,333.60","1,333.60",18
GC=F,"Mar 05, 2018","1,323.50","1,325.90","1,318.10","1,318.10","1,318.10",18
GC=F,"Mar 02, 2018","1,314.30","1,323.20","1,314.30","1,321.10","1,321.10",155
GC=F,"Mar 01, 2018","1,310.40","1,318.10","1,301.80","1,302.90","1,302.90",43
GC=F,"Feb 28, 2018","1,315.40","1,321.00","1,315.40","1,315.50","1,315.50",58
GC=F,"Feb 27, 2018","1,331.70","1,332.60","1,312.70","1,315.50","1,315.50",710
GC=F,"Feb 26, 2018","1,335.00","1,340.50","1,330.70","1,330.70","1,330.70",652
GC=F,"Feb 23, 2018","1,328.00","1,332.10","1,327.70","1,328.20","1,328.20",427
GC=F,"Feb 22, 2018","1,322.00","1,331.40","1,322.00","1,330.60","1,330.60",70
GC=F,"Feb 21, 2018","1,326.80","1,331.50","1,324.40","1,330.00","1,330.00",119
GC=F,"Feb 20, 2018","1,348.40","1,350.20","1,328.50","1,328.80","1,328.80",283
GC=F,"Feb 16, 2018","1,354.00","1,361.40","1,344.90","1,353.20","1,353.20",110
GC=F,"Feb 15, 2018","1,352.00","1,355.90","1,349.70","1,352.10","1,352.10",111
GC=F,"Feb 14, 2018","1,332.80","1,355.50","1,324.00","1,355.50","1,355.50",400
GC=F,"Feb 13, 2018","1,324.50","1,329.60","1,323.40","1,328.10","1,328.10",71
GC=F,"Feb 12, 2018","1,323.80","1,325.50","1,318.00","1,324.20","1,324.20",140
GC=F,"Feb 09, 2018","1,320.90","1,322.00","1,311.90","1,313.10","1,313.10",451
GC=F,"Feb 08, 2018","1,317.10","1,321.10","1,307.00","1,316.90","1,316.90",459
GC=F,"Feb 07, 2018","1,325.40","1,331.10","1,310.50","1,311.60","1,311.60",491
GC=F,"Feb 06, 2018","1,338.20","1,343.70","1,319.50","1,326.10","1,326.10",529
GC=F,"Feb 05, 2018","1,331.10","1,340.20","1,329.00","1,333.00","1,333.00",641
GC=F,"Feb 02, 2018","1,348.50","1,352.10","1,327.70","1,333.70","1,333.70","2,841"
GC=F,"Feb 01, 2018","1,343.80","1,350.60","1,336.80","1,344.30","1,344.30","1,680"
GC=F,"Jan 31, 2018","1,337.50","1,346.90","1,331.80","1,339.00","1,339.00","4,881"
GC=F,"Jan 30, 2018","1,338.70","1,347.80","1,332.80","1,335.40","1,335.40","52,100"
GC=F,"Jan 29, 2018",-,-,-,-,-,-
GC=F,"Jan 26, 2018","1,351.60","1,352.00","1,350.90","1,351.60","1,351.60","280,546"
GC=F,"Jan 25, 2018","1,356.30","1,362.40","1,346.70","1,362.40","1,362.40",4
GC=F,"Jan 24, 2018","1,355.90","1,357.20","1,355.90","1,355.90","1,355.90",18
GC=F,"Jan 23, 2018","1,335.80","1,335.90","1,335.70","1,335.70","1,335.70",47
GC=F,"Jan 22, 2018","1,328.40","1,330.90","1,328.40","1,330.90","1,330.90",162
symbol,date,open,high,low,close,adjusted Close,volume
GC=F,"Jan 19, 2018","1,330.10","1,333.00","1,330.10","1,331.90","1,331.90",50
GC=F,"Jan 18, 2018","1,328.90","1,328.90","1,326.00","1,326.00","1,326.00",211
GC=F,"Jan 17, 2018","1,334.40","1,338.00","1,326.80","1,338.00","1,338.00",27
GC=F,"Jan 16, 2018","1,331.10","1,335.40","1,331.00","1,335.40","1,335.40",13
GC=F,"Jan 12, 2018","1,327.80","1,338.20","1,327.80","1,333.40","1,333.40",14
GC=F,"Jan 11, 2018","1,317.10","1,320.60","1,316.30","1,320.60","1,320.60",9
GC=F,"Jan 10, 2018","1,320.30","1,320.70","1,315.30","1,317.40","1,317.40",70
GC=F,"Jan 09, 2018","1,309.60","1,311.70","1,309.60","1,311.70","1,311.70",16
GC=F,"Jan 08, 2018","1,319.90","1,319.90","1,314.60","1,318.60","1,318.60",41
GC=F,"Jan 05, 2018","1,320.30","1,320.30","1,320.30","1,320.30","1,320.30",1
GC=F,"Jan 04, 2018","1,319.40","1,322.00","1,319.40","1,319.40","1,319.40",2
GC=F,"Jan 03, 2018","1,320.00","1,320.10","1,312.10","1,316.20","1,316.20",42
GC=F,"Jan 02, 2018","1,302.30","1,317.60","1,302.30","1,313.70","1,313.70",68
GC=F,"Dec 29, 2017","1,294.20","1,306.30","1,294.00","1,306.30","1,306.30",65
GC=F,"Dec 28, 2017","1,288.20","1,294.10","1,288.20","1,294.10","1,294.10",245
GC=F,"Dec 27, 2017","1,284.00","1,287.00","1,284.00","1,287.00","1,287.00",456
GC=F,"Dec 26, 2017","1,282.40","1,284.10","1,281.80","1,284.10","1,284.10",84
GC=F,"Dec 22, 2017","1,266.30","1,276.30","1,266.30","1,275.40","1,275.40",119
GC=F,"Dec 21, 2017","1,266.40","1,267.40","1,264.30","1,267.30","1,267.30",226
GC=F,"Dec 20, 2017","1,261.30","1,266.60","1,261.30","1,266.10","1,266.10",63
GC=F,"Dec 19, 2017","1,261.10","1,264.30","1,259.50","1,260.70","1,260.70",329
GC=F,"Dec 18, 2017","1,256.20","1,262.40","1,255.70","1,262.20","1,262.20",45
GC=F,"Dec 15, 2017","1,253.10","1,260.30","1,253.10","1,254.30","1,254.30",578
GC=F,"Dec 14, 2017","1,252.90","1,257.70","1,250.30","1,253.80","1,253.80",139
GC=F,"Dec 13, 2017","1,241.90","1,254.50","1,239.80","1,245.40","1,245.40",349
GC=F,"Dec 12, 2017","1,241.30","1,244.40","1,236.50","1,238.50","1,238.50",692
GC=F,"Dec 11, 2017","1,248.40","1,249.20","1,239.90","1,243.70","1,243.70",146
GC=F,"Dec 08, 2017","1,246.30","1,249.30","1,241.50","1,245.20","1,245.20",157
GC=F,"Dec 07, 2017","1,262.30","1,262.40","1,243.90","1,249.80","1,249.80",358
GC=F,"Dec 06, 2017","1,264.90","1,267.80","1,261.60","1,262.80","1,262.80",373
GC=F,"Dec 05, 2017","1,275.40","1,275.80","1,260.00","1,261.60","1,261.60","1,499"
GC=F,"Dec 04, 2017","1,272.50","1,276.10","1,270.30","1,274.30","1,274.30",850
GC=F,"Dec 01, 2017","1,274.10","1,288.60","1,271.00","1,278.80","1,278.80",823
GC=F,"Nov 30, 2017","1,283.10","1,284.50","1,269.70","1,273.20","1,273.20","3,049"
GC=F,"Nov 29, 2017","1,293.40","1,296.20","1,281.10","1,282.10","1,282.10","47,244"
GC=F,"Nov 28, 2017","1,294.70","1,294.70","1,294.70","1,294.70","1,294.70","275,442"
GC=F,"Nov 27, 2017","1,293.80","1,293.80","1,293.80","1,293.80","1,293.80",1
GC=F,"Nov 24, 2017","1,286.70","1,286.70","1,286.70","1,286.70","1,286.70",-
GC=F,"Nov 22, 2017","1,284.70","1,291.60","1,282.90","1,291.60","1,291.60",4
GC=F,"Nov 21, 2017","1,281.10","1,281.10","1,281.10","1,281.10","1,281.10",4
GC=F,"Nov 20, 2017","1,274.60","1,275.90","1,274.60","1,274.60","1,274.60",1
GC=F,"Nov 17, 2017","1,288.30","1,295.80","1,288.30","1,295.80","1,295.80",1
GC=F,"Nov 16, 2017","1,277.50","1,277.50","1,277.40","1,277.40","1,277.40",43
GC=F,"Nov 15, 2017","1,281.40","1,284.70","1,275.90","1,276.50","1,276.50",13
GC=F,"Nov 14, 2017","1,276.90","1,281.50","1,276.90","1,281.50","1,281.50",4
GC=F,"Nov 13, 2017","1,277.30","1,277.30","1,277.00","1,277.30","1,277.30",3
GC=F,"Nov 10, 2017","1,283.50","1,283.50","1,272.40","1,272.40","1,272.40",10
GC=F,"Nov 09, 2017","1,279.70","1,286.90","1,279.70","1,285.60","1,285.60",18
GC=F,"Nov 08, 2017","1,275.90","1,284.90","1,274.70","1,281.60","1,281.60",15
GC=F,"Nov 07, 2017","1,276.80","1,276.80","1,270.40","1,273.70","1,273.70",11
GC=F,"Nov 06, 2017","1,269.00","1,280.50","1,269.00","1,279.40","1,279.40",128
GC=F,"Nov 02, 2017","1,265.30","1,267.90","1,265.30","1,266.50","1,266.50",75
GC=F,"Nov 01, 2017","1,274.90","1,274.90","1,274.90","1,274.90","1,274.90",70
GC=F,"Oct 31, 2017","1,272.20","1,274.80","1,270.30","1,274.10","1,274.10",78
GC=F,"Oct 30, 2017","1,273.10","1,274.60","1,266.10","1,267.00","1,267.00",235
GC=F,"Oct 29, 2017","1,270.00","1,274.10","1,267.90","1,274.10","1,274.10",222
GC=F,"Oct 26, 2017","1,268.40","1,268.50","1,267.10","1,268.50","1,268.50",567
GC=F,"Oct 25, 2017","1,273.50","1,273.50","1,264.70","1,266.30","1,266.30",39
GC=F,"Oct 24, 2017","1,269.90","1,275.40","1,269.90","1,275.40","1,275.40",105
GC=F,"Oct 23, 2017","1,275.50","1,275.50","1,273.70","1,275.00","1,275.00",111
GC=F,"Oct 22, 2017","1,274.70","1,280.80","1,271.50","1,277.70","1,277.70",115
GC=F,"Oct 19, 2017","1,279.60","1,279.60","1,277.40","1,277.40","1,277.40",304
GC=F,"Oct 18, 2017","1,286.40","1,286.90","1,285.10","1,286.90","1,286.90",134
GC=F,"Oct 17, 2017","1,279.90","1,279.90","1,279.90","1,279.90","1,279.90",163
GC=F,"Oct 16, 2017","1,295.10","1,295.10","1,283.00","1,283.00","1,283.00",571
GC=F,"Oct 15, 2017","1,302.00","1,303.80","1,291.90","1,299.90","1,299.90",173
GC=F,"Oct 12, 2017","1,293.30","1,301.70","1,291.70","1,301.50","1,301.50",74
GC=F,"Oct 11, 2017","1,291.50","1,294.50","1,289.30","1,293.30","1,293.30",14
GC=F,"Oct 10, 2017","1,287.30","1,292.00","1,284.90","1,285.80","1,285.80",21
GC=F,"Oct 09, 2017","1,282.60","1,293.00","1,281.70","1,290.60","1,290.60",18
GC=F,"Oct 08, 2017","1,280.60","1,284.00","1,279.00","1,281.80","1,281.80",19
GC=F,"Oct 05, 2017","1,267.60","1,272.00","1,260.50","1,271.60","1,271.60",46
GC=F,"Oct 04, 2017","1,277.80","1,277.80","1,267.60","1,269.90","1,269.90",36
GC=F,"Oct 03, 2017","1,273.80","1,280.80","1,270.00","1,273.70","1,273.70",218
GC=F,"Oct 02, 2017","1,269.70","1,273.30","1,268.60","1,271.50","1,271.50",192
GC=F,"Oct 01, 2017","1,275.00","1,276.10","1,270.40","1,272.70","1,272.70",136
GC=F,"Sep 28, 2017","1,284.20","1,289.40","1,281.50","1,281.50","1,281.50",492
GC=F,"Sep 27, 2017","1,283.10","1,288.00","1,277.00","1,285.50","1,285.50","5,226"
GC=F,"Sep 26, 2017","1,283.40","1,283.40","1,283.40","1,283.40","1,283.40","19,488"
GC=F,"Sep 25, 2017","1,304.50","1,305.60","1,297.00","1,297.00","1,297.00",39
GC=F,"Sep 24, 2017","1,293.10","1,309.20","1,291.00","1,306.80","1,306.80",51
GC=F,"Sep 21, 2017","1,295.00","1,295.70","1,293.30","1,293.30","1,293.30",209
GC=F,"Sep 20, 2017","1,299.10","1,304.10","1,290.30","1,290.60","1,290.60",336
GC=F,"Sep 19, 2017","1,312.00","1,312.00","1,298.70","1,312.00","1,312.00",12
GC=F,"Sep 18, 2017","1,307.90","1,310.30","1,305.10","1,306.20","1,306.20",20
GC=F,"Sep 17, 2017","1,309.80","1,310.40","1,306.00","1,306.30","1,306.30",129
GC=F,"Sep 14, 2017","1,320.60","1,321.20","1,319.80","1,320.40","1,320.40",15
GC=F,"Sep 13, 2017","1,319.60","1,329.30","1,319.60","1,324.70","1,324.70",316
GC=F,"Sep 12, 2017","1,323.40","1,323.40","1,323.40","1,323.40","1,323.40",16
GC=F,"Sep 11, 2017","1,327.00","1,328.00","1,325.20","1,328.00","1,328.00",15
GC=F,"Sep 10, 2017","1,331.00","1,331.00","1,327.30","1,331.00","1,331.00",9
GC=F,"Sep 07, 2017","1,351.00","1,355.80","1,345.60","1,346.00","1,346.00",37
GC=F,"Sep 06, 2017","1,336.40","1,349.00","1,336.40","1,345.10","1,345.10",26
GC=F,"Sep 05, 2017","1,340.00","1,340.30","1,332.60","1,333.90","1,333.90",20
GC=F,"Sep 04, 2017","1,335.20","1,339.20","1,328.60","1,339.20","1,339.20",39
GC=F,"Aug 31, 2017","1,320.20","1,327.70","1,316.90","1,324.50","1,324.50",313
symbol,date,open,high,low,close,adjusted_close,volume
GC=F,"Dec 03, 2021","1,769.40","1,788.00","1,766.00","1,783.90","1,783.90","170,092"
GC=F,"Dec 03, 2021","1,767.50","1,785.10","1,766.50","1,782.00","1,782.00","1,557"
GC=F,"Dec 02, 2021","1,780.90","1,780.90","1,760.60","1,760.70","1,760.70","1,557"
GC=F,"Dec 01, 2021","1,774.80","1,790.50","1,772.30","1,781.60","1,781.60","1,128"
GC=F,"Nov 30, 2021","1,783.90","1,808.10","1,768.70","1,773.60","1,773.60","4,903"
GC=F,"Nov 29, 2021","1,791.70","1,798.90","1,779.10","1,782.30","1,782.30","26,926"
GC=F,"Nov 26, 2021","1,791.10","1,791.40","1,785.30","1,785.30","1,785.30","186,800"
GC=F,"Nov 25, 2021","1,791.10","1,791.40","1,791.10","1,791.40","1,791.40",188
GC=F,"Nov 24, 2021","1,793.00","1,793.00","1,781.40","1,784.10","1,784.10",188
GC=F,"Nov 23, 2021","1,795.50","1,795.50","1,783.50","1,783.50","1,783.50",264
GC=F,"Nov 22, 2021","1,841.60","1,841.60","1,805.70","1,806.00","1,806.00",14
GC=F,"Nov 19, 2021","1,851.20","1,851.20","1,851.20","1,851.20","1,851.20",21
GC=F,"Nov 18, 2021","1,861.00","1,861.00","1,861.00","1,861.00","1,861.00",9
GC=F,"Nov 17, 2021","1,862.60","1,869.70","1,862.60","1,869.70","1,869.70",2
GC=F,"Nov 16, 2021","1,853.60","1,853.60","1,853.60","1,853.60","1,853.60",1
GC=F,"Nov 15, 2021","1,864.50","1,866.90","1,864.50","1,866.10","1,866.10",87
GC=F,"Nov 12, 2021","1,860.80","1,867.90","1,847.60","1,867.90","1,867.90",210
GC=F,"Nov 11, 2021","1,853.90","1,866.50","1,853.90","1,863.20","1,863.20",292
GC=F,"Nov 10, 2021","1,825.80","1,865.00","1,824.90","1,847.60","1,847.60",795
GC=F,"Nov 09, 2021","1,826.10","1,832.70","1,820.70","1,830.20","1,830.20",170
GC=F,"Nov 08, 2021","1,817.00","1,827.40","1,816.90","1,827.40","1,827.40",261
GC=F,"Nov 04, 2021","1,794.90","1,817.10","1,794.90","1,816.40","1,816.40",239
GC=F,"Nov 03, 2021","1,776.60","1,798.20","1,776.20","1,793.00","1,793.00",103
GC=F,"Nov 02, 2021","1,768.00","1,768.00","1,761.80","1,763.60","1,763.60",108
GC=F,"Nov 01, 2021","1,790.50","1,795.50","1,787.70","1,788.70","1,788.70",213
GC=F,"Oct 31, 2021","1,787.50","1,795.10","1,786.70","1,795.10","1,795.10",142
GC=F,"Oct 28, 2021","1,793.10","1,797.00","1,774.60","1,783.00","1,783.00",583
GC=F,"Oct 27, 2021","1,795.50","1,807.30","1,795.50","1,801.60","1,801.60",452
GC=F,"Oct 26, 2021","1,791.50","1,798.10","1,791.50","1,797.90","1,797.90",543
GC=F,"Oct 25, 2021","1,808.80","1,808.80","1,788.60","1,792.70","1,792.70",359
GC=F,"Oct 24, 2021","1,794.30","1,809.00","1,794.00","1,806.00","1,806.00",140
GC=F,"Oct 21, 2021","1,787.10","1,806.90","1,784.00","1,795.50","1,795.50",532
GC=F,"Oct 20, 2021","1,782.00","1,785.70","1,781.00","1,781.20","1,781.20",146
GC=F,"Oct 19, 2021","1,774.60","1,785.60","1,774.00","1,784.10","1,784.10",127
GC=F,"Oct 18, 2021","1,777.60","1,785.00","1,767.50","1,769.70","1,769.70",51
GC=F,"Oct 17, 2021","1,761.60","1,770.10","1,759.50","1,764.80","1,764.80",266
GC=F,"Oct 14, 2021","1,794.50","1,795.40","1,766.60","1,767.20","1,767.20",874
GC=F,"Oct 13, 2021","1,792.20","1,799.90","1,792.00","1,796.70","1,796.70",337
GC=F,"Oct 12, 2021","1,760.80","1,794.50","1,760.80","1,793.70","1,793.70",150
GC=F,"Oct 11, 2021","1,751.90","1,768.00","1,749.80","1,758.30","1,758.30",139
GC=F,"Oct 10, 2021","1,756.60","1,757.80","1,752.20","1,754.60","1,754.60",128
GC=F,"Oct 07, 2021","1,757.00","1,780.00","1,754.20","1,756.30","1,756.30",254
GC=F,"Oct 06, 2021","1,762.40","1,762.40","1,752.80","1,757.90","1,757.90",336
GC=F,"Oct 05, 2021","1,759.30","1,762.90","1,744.70","1,760.50","1,760.50",56
GC=F,"Oct 04, 2021","1,764.30","1,764.30","1,749.00","1,759.60","1,759.60",98
GC=F,"Oct 03, 2021","1,764.50","1,768.90","1,749.50","1,766.20","1,766.20",417
GC=F,"Sep 30, 2021","1,754.30","1,762.60","1,748.50","1,757.00","1,757.00","2,220"
GC=F,"Sep 29, 2021","1,725.50","1,760.30","1,724.50","1,755.30","1,755.30",997
GC=F,"Sep 28, 2021","1,732.40","1,744.10","1,721.40","1,721.50","1,721.50","6,634"
GC=F,"Sep 27, 2021","1,739.60","1,741.70","1,726.80","1,735.80","1,735.80","15,748"
GC=F,"Sep 26, 2021","1,751.70","1,754.40","1,747.50","1,750.00","1,750.00",808
GC=F,"Sep 23, 2021","1,749.70","1,749.70","1,745.00","1,749.70","1,749.70",76
GC=F,"Sep 22, 2021","1,766.80","1,766.80","1,738.20","1,747.70","1,747.70",31
GC=F,"Sep 21, 2021","1,776.70","1,784.30","1,767.00","1,776.70","1,776.70",17
GC=F,"Sep 20, 2021","1,762.20","1,776.00","1,759.00","1,776.00","1,776.00",106
GC=F,"Sep 19, 2021","1,751.80","1,761.80","1,750.90","1,761.80","1,761.80",185
GC=F,"Sep 16, 2021","1,758.80","1,763.00","1,749.40","1,749.40","1,749.40",581
GC=F,"Sep 15, 2021","1,792.90","1,792.90","1,743.90","1,754.60","1,754.60","1,645"
GC=F,"Sep 14, 2021","1,803.70","1,803.70","1,792.40","1,792.40","1,792.40",59
GC=F,"Sep 13, 2021","1,791.40","1,806.20","1,783.00","1,804.70","1,804.70",764
GC=F,"Sep 12, 2021","1,789.80","1,796.00","1,784.00","1,792.00","1,792.00",533
GC=F,"Sep 09, 2021","1,789.60","1,789.60","1,789.60","1,789.60","1,789.60",-
GC=F,"Sep 08, 2021","1,798.70","1,798.70","1,787.90","1,797.40","1,797.40",49
GC=F,"Sep 07, 2021","1,781.70","1,790.70","1,781.70","1,790.70","1,790.70",69
GC=F,"Sep 06, 2021","1,825.70","1,825.70","1,792.70","1,795.90","1,795.90",48
GC=F,"Sep 02, 2021","1,820.90","1,833.90","1,818.90","1,830.90","1,830.90",53
GC=F,"Sep 01, 2021","1,813.20","1,813.90","1,806.80","1,808.70","1,808.70",26
GC=F,"Aug 31, 2021","1,813.50","1,815.90","1,809.50","1,813.10","1,813.10",114
GC=F,"Aug 30, 2021","1,815.90","1,815.90","1,801.10","1,815.00","1,815.00",82
GC=F,"Aug 29, 2021","1,818.20","1,820.30","1,807.80","1,809.00","1,809.00",684
GC=F,"Aug 26, 2021","1,803.40","1,816.60","1,803.10","1,816.60","1,816.60","1,219"
GC=F,"Aug 25, 2021","1,787.40","1,792.20","1,781.00","1,792.20","1,792.20",61
GC=F,"Aug 24, 2021","1,792.00","1,792.90","1,784.00","1,788.20","1,788.20",812
GC=F,"Aug 23, 2021","1,801.00","1,805.60","1,801.00","1,805.60","1,805.60",22
GC=F,"Aug 22, 2021","1,776.80","1,804.80","1,776.80","1,803.20","1,803.20",32
GC=F,"Aug 19, 2021","1,784.10","1,787.50","1,778.20","1,781.00","1,781.00",235
GC=F,"Aug 18, 2021","1,780.00","1,789.30","1,775.50","1,780.20","1,780.20",245
GC=F,"Aug 17, 2021","1,787.80","1,791.50","1,779.00","1,781.60","1,781.60",263
GC=F,"Aug 16, 2021","1,787.70","1,794.20","1,780.00","1,785.00","1,785.00",200
GC=F,"Aug 15, 2021","1,776.90","1,787.80","1,771.90","1,786.90","1,786.90",219
GC=F,"Aug 12, 2021","1,758.30","1,777.30","1,757.40","1,775.20","1,775.20",436
GC=F,"Aug 11, 2021","1,749.70","1,752.40","1,745.50","1,749.00","1,749.00",739
GC=F,"Aug 10, 2021","1,727.30","1,752.20","1,727.30","1,750.40","1,750.40",542
GC=F,"Aug 09, 2021","1,728.60","1,735.20","1,720.10","1,728.80","1,728.80","1,363"
GC=F,"Aug 08, 2021","1,753.50","1,753.80","1,692.60","1,723.40","1,723.40","1,621"
GC=F,"Aug 05, 2021","1,799.80","1,800.10","1,758.40","1,760.00","1,760.00",859
GC=F,"Aug 04, 2021","1,810.80","1,813.70","1,796.00","1,805.10","1,805.10",588
GC=F,"Aug 03, 2021","1,809.30","1,831.30","1,806.30","1,810.50","1,810.50","2,860"
GC=F,"Aug 02, 2021","1,812.30","1,813.50","1,806.00","1,810.10","1,810.10","3,341"
GC=F,"Aug 01, 2021","1,812.40","1,818.70","1,804.80","1,818.10","1,818.10","1,334"
GC=F,"Jul 29, 2021","1,828.00","1,830.50","1,808.90","1,812.60","1,812.60","3,100"
GC=F,"Jul 28, 2021","1,806.60","1,832.60","1,806.10","1,831.20","1,831.20","30,496"
GC=F,"Jul 27, 2021","1,799.50","1,799.50","1,799.50","1,799.50","1,799.50","209,783"
GC=F,"Jul 26, 2021","1,803.70","1,803.70","1,799.50","1,799.50","1,799.50",1
GC=F,"Jul 25, 2021","1,802.50","1,802.50","1,797.20","1,798.70","1,798.70",17
GC=F,"Jul 22, 2021","1,800.00","1,801.40","1,800.00","1,801.40","1,801.40",1
GC=F,"Jul 21, 2021","1,793.60","1,805.00","1,793.60","1,805.00","1,805.00",2
GC=F,"Jul 20, 2021","1,807.00","1,807.00","1,800.00","1,802.90","1,802.90",135
GC=F,"Jul 19, 2021","1,812.90","1,824.00","1,810.90","1,810.90","1,810.90",128
GC=F,"Jul 18, 2021","1,803.30","1,813.40","1,803.30","1,808.70","1,808.70",33
symbol,date,open,high,low,close,adjusted_close,volume
GC=F,"Jul 15, 2021","1,830.10","1,831.40","1,814.50","1,814.50","1,814.50",78
GC=F,"Jul 14, 2021","1,831.60","1,833.00","1,823.40","1,828.40","1,828.40",99
GC=F,"Jul 13, 2021","1,813.10","1,829.00","1,813.10","1,824.30","1,824.30",707
GC=F,"Jul 12, 2021","1,808.10","1,812.00","1,800.60","1,809.40","1,809.40",78
GC=F,"Jul 11, 2021","1,802.60","1,805.50","1,799.50","1,805.50","1,805.50",147
GC=F,"Jul 08, 2021","1,803.60","1,810.10","1,798.80","1,810.00","1,810.00",218
GC=F,"Jul 07, 2021","1,797.00","1,818.50","1,797.00","1,799.60","1,799.60",148
GC=F,"Jul 06, 2021","1,798.70","1,808.40","1,797.20","1,801.50","1,801.50",244
GC=F,"Jul 05, 2021","1,786.70","1,809.80","1,786.70","1,793.50","1,793.50",332
GC=F,"Jul 01, 2021","1,778.70","1,787.90","1,778.30","1,782.60","1,782.60",23
GC=F,"Jun 30, 2021","1,775.70","1,781.20","1,768.80","1,775.90","1,775.90",44
GC=F,"Jun 29, 2021","1,761.10","1,770.80","1,759.20","1,770.80","1,770.80",51
GC=F,"Jun 28, 2021","1,776.80","1,777.10","1,752.10","1,762.80","1,762.80",419
GC=F,"Jun 27, 2021","1,779.60","1,779.60","1,779.60","1,779.60","1,779.60",888
GC=F,"Jun 24, 2021","1,777.70","1,788.00","1,775.20","1,776.60","1,776.60",35
GC=F,"Jun 23, 2021","1,778.90","1,786.40","1,775.60","1,775.60","1,775.60",78
GC=F,"Jun 22, 2021","1,780.70","1,793.20","1,780.60","1,782.30","1,782.30",136
GC=F,"Jun 21, 2021","1,783.40","1,786.90","1,775.90","1,776.30","1,776.30",101
GC=F,"Jun 20, 2021","1,768.80","1,785.20","1,766.80","1,781.80","1,781.80",38
GC=F,"Jun 17, 2021","1,775.70","1,792.40","1,767.90","1,767.90","1,767.90",354
GC=F,"Jun 16, 2021","1,811.80","1,823.30","1,769.60","1,773.80","1,773.80","1,135"
GC=F,"Jun 15, 2021","1,859.40","1,860.10","1,809.20","1,859.50","1,859.50",117
GC=F,"Jun 14, 2021","1,866.40","1,867.20","1,854.40","1,854.50","1,854.50",78
GC=F,"Jun 13, 2021","1,866.20","1,866.60","1,846.50","1,864.00","1,864.00",41
GC=F,"Jun 10, 2021","1,900.90","1,902.30","1,875.20","1,877.40","1,877.40",349
GC=F,"Jun 09, 2021","1,887.70","1,899.80","1,871.50","1,894.20","1,894.20",186
GC=F,"Jun 08, 2021","1,894.90","1,897.70","1,889.20","1,893.20","1,893.20",148
GC=F,"Jun 07, 2021","1,896.50","1,902.90","1,890.00","1,892.20","1,892.20",930
GC=F,"Jun 06, 2021","1,890.50","1,899.70","1,883.20","1,896.80","1,896.80",87
GC=F,"Jun 03, 2021","1,869.30","1,895.50","1,854.00","1,889.80","1,889.80",367
GC=F,"Jun 02, 2021","1,908.80","1,908.80","1,865.00","1,871.20","1,871.20","1,021"
GC=F,"Jun 01, 2021","1,899.20","1,908.80","1,896.00","1,907.50","1,907.50","1,267"
GC=F,"May 31, 2021","1,905.10","1,916.20","1,892.80","1,902.90","1,902.90",640
GC=F,"May 27, 2021","1,897.50","1,905.40","1,881.90","1,902.50","1,902.50","2,415"
GC=F,"May 26, 2021","1,896.80","1,903.90","1,888.20","1,895.70","1,895.70","35,794"
GC=F,"May 25, 2021","1,901.30","1,901.30","1,901.30","1,901.30","1,901.30","170,526"
GC=F,"May 24, 2021","1,882.50","1,898.10","1,882.50","1,898.10","1,898.10",56
GC=F,"May 23, 2021","1,882.10","1,884.60","1,882.10","1,884.60","1,884.60",39
GC=F,"May 20, 2021","1,872.10","1,876.70","1,872.10","1,876.70","1,876.70",5
GC=F,"May 19, 2021","1,865.50","1,885.00","1,864.80","1,881.80","1,881.80",85
GC=F,"May 18, 2021","1,866.40","1,884.90","1,863.60","1,881.30","1,881.30",348
GC=F,"May 17, 2021","1,870.50","1,870.50","1,867.80","1,867.80","1,867.80",3
GC=F,"May 16, 2021","1,849.90","1,867.50","1,847.20","1,867.50","1,867.50",13
GC=F,"May 13, 2021","1,824.50","1,842.90","1,824.50","1,837.90","1,837.90",41
GC=F,"May 12, 2021","1,814.70","1,826.80","1,814.10","1,823.80","1,823.80",100
GC=F,"May 11, 2021","1,825.20","1,825.20","1,821.70","1,822.60","1,822.60",3
GC=F,"May 10, 2021","1,837.20","1,838.10","1,831.60","1,835.90","1,835.90",420
GC=F,"May 09, 2021","1,835.60","1,845.60","1,835.40","1,837.50","1,837.50",13
GC=F,"May 06, 2021","1,842.90","1,842.90","1,831.10","1,831.10","1,831.10",2
GC=F,"May 05, 2021","1,788.90","1,815.50","1,787.60","1,815.50","1,815.50",13
GC=F,"May 04, 2021","1,781.50","1,784.10","1,779.20","1,784.10","1,784.10",57
GC=F,"May 03, 2021","1,788.20","1,788.50","1,774.80","1,775.80","1,775.80",182
GC=F,"May 02, 2021","1,788.50","1,793.00","1,788.50","1,791.40","1,791.40",18
GC=F,"Apr 29, 2021","1,771.80","1,771.80","1,763.90","1,767.30","1,767.30",18
GC=F,"Apr 28, 2021","1,781.00","1,789.00","1,758.60","1,768.10","1,768.10",196
GC=F,"Apr 27, 2021","1,768.20","1,774.00","1,764.60","1,773.20","1,773.20",756
GC=F,"Apr 26, 2021","1,780.00","1,782.00","1,777.70","1,778.00","1,778.00",117
GC=F,"Apr 25, 2021","1,778.00","1,779.70","1,770.80","1,779.20","1,779.20",549
GC=F,"Apr 22, 2021","1,786.10","1,794.50","1,772.00","1,777.00","1,777.00",332
GC=F,"Apr 21, 2021","1,794.20","1,794.20","1,779.50","1,781.20","1,781.20",159
GC=F,"Apr 20, 2021","1,783.00","1,794.10","1,777.70","1,792.30","1,792.30",250
GC=F,"Apr 19, 2021","1,769.30","1,777.30","1,765.50","1,777.30","1,777.30","1,464"
GC=F,"Apr 18, 2021","1,782.10","1,788.50","1,769.40","1,769.40","1,769.40",144
GC=F,"Apr 15, 2021","1,770.40","1,779.50","1,770.10","1,779.00","1,779.00",625
GC=F,"Apr 14, 2021","1,740.10","1,767.90","1,740.10","1,765.40","1,765.40",368
GC=F,"Apr 13, 2021","1,741.30","1,745.90","1,732.70","1,734.90","1,734.90","1,037"
GC=F,"Apr 12, 2021","1,733.80","1,746.90","1,722.10","1,746.20","1,746.20",367
GC=F,"Apr 11, 2021","1,740.80","1,740.80","1,726.70","1,731.20","1,731.20",40
GC=F,"Apr 08, 2021","1,750.80","1,750.80","1,733.30","1,743.30","1,743.30",484
GC=F,"Apr 07, 2021","1,736.00","1,758.00","1,734.60","1,756.80","1,756.80","1,298"
GC=F,"Apr 06, 2021","1,742.70","1,742.70","1,733.70","1,740.10","1,740.10",557
GC=F,"Apr 05, 2021","1,726.90","1,744.80","1,726.90","1,741.50","1,741.50",890
GC=F,"Apr 04, 2021","1,727.90","1,729.70","1,721.90","1,727.00","1,727.00",275
GC=F,"Mar 31, 2021","1,706.80","1,728.80","1,706.40","1,726.50","1,726.50",720
GC=F,"Mar 30, 2021","1,683.70","1,713.80","1,676.50","1,713.80","1,713.80",762
GC=F,"Mar 29, 2021","1,711.00","1,712.60","1,676.50","1,683.90","1,683.90","25,316"
GC=F,"Mar 28, 2021","1,712.10","1,712.10","1,712.10","1,712.10","1,712.10","135,457"
GC=F,"Mar 25, 2021","1,721.30","1,732.20","1,721.30","1,732.20","1,732.20",33
GC=F,"Mar 24, 2021","1,732.70","1,733.20","1,724.50","1,724.90","1,724.90",15
GC=F,"Mar 23, 2021","1,727.50","1,732.90","1,727.50","1,732.90","1,732.90",26
GC=F,"Mar 22, 2021","1,724.70","1,724.70","1,724.70","1,724.70","1,724.70",6
GC=F,"Mar 21, 2021","1,737.80","1,737.80","1,737.80","1,737.80","1,737.80",51
GC=F,"Mar 18, 2021","1,742.20","1,742.20","1,733.60","1,741.40","1,741.40",13
GC=F,"Mar 17, 2021","1,745.80","1,750.30","1,721.80","1,732.20","1,732.20",138
GC=F,"Mar 16, 2021","1,735.30","1,750.10","1,725.60","1,726.80","1,726.80",488
GC=F,"Mar 15, 2021","1,732.30","1,733.90","1,726.00","1,730.60","1,730.60",729
GC=F,"Mar 14, 2021","1,729.50","1,731.90","1,722.80","1,728.90","1,728.90",147
GC=F,"Mar 12, 2021","1,715.90","1,722.50","1,699.00","1,719.50","1,719.50",80
GC=F,"Mar 11, 2021","1,725.60","1,737.50","1,720.20","1,722.30","1,722.30",18
GC=F,"Mar 10, 2021","1,713.60","1,722.90","1,711.00","1,721.50","1,721.50",412
GC=F,"Mar 09, 2021","1,686.20","1,717.50","1,685.20","1,716.60","1,716.60",335
GC=F,"Mar 08, 2021","1,704.70","1,705.40","1,673.70","1,677.70","1,677.70","1,290"
GC=F,"Mar 05, 2021","1,690.60","1,701.00","1,685.00","1,698.00","1,698.00",302
GC=F,"Mar 04, 2021","1,706.50","1,717.40","1,700.20","1,700.20","1,700.20",521
GC=F,"Mar 03, 2021","1,730.00","1,732.40","1,703.50","1,715.30","1,715.30",501
GC=F,"Mar 02, 2021","1,709.40","1,733.10","1,708.70","1,733.10","1,733.10",867
GC=F,"Mar 01, 2021","1,737.10","1,747.00","1,720.30","1,722.50","1,722.50",407
GC=F,"Feb 26, 2021","1,768.10","1,768.20","1,718.80","1,728.10","1,728.10","1,593"
symbol,date,open,high,low,close,adjusted_close,volume
GC=F,"Feb 25, 2021","1,801.50","1,802.00","1,766.70","1,774.40","1,774.40","1,049"
GC=F,"Feb 24, 2021","1,805.80","1,805.80","1,796.40","1,796.40","1,796.40","1,500"
GC=F,"Feb 23, 2021","1,809.60","1,811.30","1,796.40","1,804.40","1,804.40",569
GC=F,"Feb 22, 2021","1,784.00","1,807.80","1,784.00","1,806.70","1,806.70",165
GC=F,"Feb 19, 2021","1,764.30","1,787.60","1,764.30","1,775.80","1,775.80",118
GC=F,"Feb 18, 2021","1,776.10","1,784.60","1,766.00","1,773.40","1,773.40",587
GC=F,"Feb 17, 2021","1,785.80","1,789.70","1,768.80","1,771.10","1,771.10",614
GC=F,"Feb 16, 2021","1,820.90","1,823.40","1,787.30","1,797.20","1,797.20","1,141"
GC=F,"Feb 12, 2021","1,825.00","1,827.50","1,809.20","1,821.60","1,821.60",259
GC=F,"Feb 11, 2021","1,840.50","1,845.00","1,820.90","1,824.90","1,824.90",602
GC=F,"Feb 10, 2021","1,842.60","1,851.10","1,837.00","1,840.60","1,840.60",543
GC=F,"Feb 09, 2021","1,841.90","1,843.30","1,830.70","1,835.30","1,835.30",184
GC=F,"Feb 08, 2021","1,816.30","1,836.70","1,809.00","1,831.90","1,831.90",254
GC=F,"Feb 05, 2021","1,794.30","1,813.50","1,790.90","1,810.90","1,810.90","1,278"
GC=F,"Feb 04, 2021","1,832.20","1,832.20","1,782.80","1,788.90","1,788.90","2,375"
GC=F,"Feb 03, 2021","1,834.80","1,842.40","1,829.80","1,832.20","1,832.20","1,195"
GC=F,"Feb 02, 2021","1,859.60","1,861.30","1,827.60","1,830.50","1,830.50","1,293"
GC=F,"Feb 01, 2021","1,866.60","1,871.90","1,850.00","1,860.80","1,860.80","1,494"
GC=F,"Jan 29, 2021","1,842.00","1,876.00","1,838.70","1,847.30","1,847.30","1,634"
GC=F,"Jan 28, 2021","1,843.40","1,862.90","1,831.50","1,837.90","1,837.90","27,283"
GC=F,"Jan 27, 2021","1,844.90","1,844.90","1,844.90","1,844.90","1,844.90","195,540"
GC=F,"Jan 26, 2021","1,855.80","1,855.80","1,850.70","1,850.70","1,850.70",59
GC=F,"Jan 25, 2021","1,864.70","1,864.70","1,851.80","1,854.90","1,854.90",26
GC=F,"Jan 22, 2021","1,854.90","1,855.70","1,852.70","1,855.70","1,855.70",8
GC=F,"Jan 21, 2021","1,865.30","1,868.00","1,865.30","1,865.30","1,865.30",6
GC=F,"Jan 20, 2021","1,847.80","1,866.60","1,844.40","1,865.90","1,865.90",16
GC=F,"Jan 19, 2021","1,802.00","1,842.90","1,802.00","1,839.50","1,839.50",13
GC=F,"Jan 15, 2021","1,829.40","1,829.40","1,825.00","1,829.30","1,829.30",31
GC=F,"Jan 14, 2021","1,836.70","1,850.70","1,836.70","1,850.30","1,850.30",149
GC=F,"Jan 13, 2021","1,858.00","1,858.60","1,853.60","1,853.60","1,853.60",189
GC=F,"Jan 12, 2021","1,849.00","1,859.70","1,839.40","1,842.90","1,842.90",176
GC=F,"Jan 11, 2021","1,826.50","1,849.60","1,826.50","1,849.60","1,849.60",20
GC=F,"Jan 08, 2021","1,908.00","1,908.00","1,834.10","1,834.10","1,834.10",60
GC=F,"Jan 07, 2021","1,922.60","1,926.70","1,912.00","1,912.30","1,912.30",122
GC=F,"Jan 06, 2021","1,952.00","1,959.90","1,901.50","1,906.90","1,906.90",331
GC=F,"Jan 05, 2021","1,941.70","1,952.70","1,941.30","1,952.70","1,952.70",113
GC=F,"Jan 04, 2021","1,912.20","1,945.10","1,912.20","1,944.70","1,944.70",154
GC=F,"Dec 31, 2020","1,897.00","1,901.30","1,892.70","1,893.10","1,893.10",127
GC=F,"Dec 30, 2020","1,879.90","1,895.80","1,877.30","1,891.00","1,891.00",444
GC=F,"Dec 29, 2020","1,881.30","1,881.30","1,879.70","1,879.70","1,879.70",343
GC=F,"Dec 28, 2020","1,895.50","1,895.80","1,873.70","1,877.20","1,877.20",75
GC=F,"Dec 24, 2020","1,877.30","1,879.90","1,875.70","1,879.90","1,879.90",46
GC=F,"Dec 23, 2020","1,867.00","1,878.80","1,864.50","1,874.70","1,874.70",82
GC=F,"Dec 22, 2020","1,882.20","1,882.20","1,861.00","1,866.60","1,866.60",233
GC=F,"Dec 21, 2020","1,884.80","1,908.00","1,869.10","1,879.20","1,879.20",136
GC=F,"Dec 18, 2020","1,882.40","1,889.50","1,882.30","1,885.70","1,885.70",276
GC=F,"Dec 17, 2020","1,874.20","1,896.20","1,874.20","1,887.20","1,887.20",414
GC=F,"Dec 16, 2020","1,856.50","1,864.70","1,850.50","1,856.10","1,856.10","1,090"
GC=F,"Dec 15, 2020","1,833.50","1,853.60","1,833.20","1,852.30","1,852.30",961
GC=F,"Dec 14, 2020","1,835.50","1,835.70","1,822.70","1,828.70","1,828.70",258
GC=F,"Dec 11, 2020","1,838.50","1,846.00","1,829.10","1,839.80","1,839.80",109
GC=F,"Dec 10, 2020","1,833.20","1,849.10","1,828.00","1,833.60","1,833.60",177
GC=F,"Dec 09, 2020","1,867.10","1,867.10","1,827.00","1,834.60","1,834.60",215
GC=F,"Dec 08, 2020","1,863.00","1,875.80","1,861.80","1,870.80","1,870.80",121
GC=F,"Dec 07, 2020","1,836.50","1,866.90","1,820.80","1,861.80","1,861.80","1,427"
GC=F,"Dec 04, 2020","1,840.70","1,847.60","1,828.20","1,835.90","1,835.90","1,213"
GC=F,"Dec 03, 2020","1,829.20","1,842.00","1,825.30","1,836.80","1,836.80","1,765"
GC=F,"Dec 02, 2020","1,811.30","1,830.00","1,807.80","1,825.70","1,825.70",771
GC=F,"Dec 01, 2020","1,775.00","1,815.90","1,774.90","1,814.10","1,814.10","1,859"
GC=F,"Nov 30, 2020","1,785.00","1,787.20","1,762.30","1,775.70","1,775.70","3,145"
GC=F,"Nov 27, 2020","1,806.10","1,817.00","1,770.70","1,781.90","1,781.90","71,804"
GC=F,"Nov 25, 2020","1,801.40","1,805.70","1,801.40","1,805.70","1,805.70","205,754"
GC=F,"Nov 24, 2020","1,829.30","1,829.30","1,799.30","1,804.80","1,804.80","1,041"
GC=F,"Nov 23, 2020","1,834.80","1,837.80","1,829.20","1,837.80","1,837.80",843
GC=F,"Nov 20, 2020","1,871.20","1,872.60","1,871.20","1,872.60","1,872.60","1,900"
GC=F,"Nov 19, 2020","1,865.80","1,865.80","1,856.00","1,861.10","1,861.10",59
GC=F,"Nov 18, 2020","1,873.50","1,873.50","1,873.50","1,873.50","1,873.50",152
GC=F,"Nov 17, 2020","1,888.40","1,888.40","1,884.50","1,884.50","1,884.50",59
GC=F,"Nov 16, 2020","1,874.60","1,887.30","1,871.00","1,887.30","1,887.30",6
GC=F,"Nov 13, 2020","1,877.00","1,890.10","1,876.80","1,885.70","1,885.70",240
GC=F,"Nov 12, 2020","1,869.00","1,878.50","1,866.60","1,872.60","1,872.60",220
GC=F,"Nov 11, 2020","1,878.80","1,878.80","1,855.50","1,860.70","1,860.70",222
GC=F,"Nov 10, 2020","1,879.30","1,885.30","1,871.20","1,875.40","1,875.40",276
GC=F,"Nov 09, 2020","1,955.60","1,963.20","1,847.10","1,853.20","1,853.20",745
GC=F,"Nov 06, 2020","1,940.80","1,958.80","1,940.80","1,950.30","1,950.30",304
GC=F,"Nov 05, 2020","1,901.70","1,948.00","1,901.70","1,945.30","1,945.30",135
GC=F,"Nov 04, 2020","1,893.80","1,907.00","1,885.30","1,894.60","1,894.60",782
GC=F,"Nov 03, 2020","1,891.50","1,908.50","1,891.50","1,908.50","1,908.50",712
GC=F,"Nov 02, 2020","1,872.90","1,894.70","1,872.90","1,890.40","1,890.40",190
GC=F,"Oct 29, 2020","1,862.80","1,886.60","1,862.80","1,877.40","1,877.40",725
GC=F,"Oct 28, 2020","1,876.10","1,879.80","1,858.80","1,865.60","1,865.60",240
GC=F,"Oct 27, 2020","1,870.90","1,876.20","1,870.90","1,876.20","1,876.20",277
GC=F,"Oct 26, 2020","1,904.60","1,908.80","1,904.40","1,908.80","1,908.80",176
GC=F,"Oct 25, 2020","1,895.50","1,907.00","1,893.50","1,902.70","1,902.70",242
GC=F,"Oct 22, 2020","1,899.90","1,913.30","1,896.20","1,902.00","1,902.00",287
GC=F,"Oct 21, 2020","1,924.30","1,924.30","1,898.20","1,901.10","1,901.10",899
GC=F,"Oct 20, 2020","1,913.60","1,927.30","1,913.60","1,924.60","1,924.60","1,202"
GC=F,"Oct 19, 2020","1,901.30","1,910.40","1,896.10","1,910.40","1,910.40",329
GC=F,"Oct 18, 2020","1,907.30","1,907.80","1,899.50","1,906.40","1,906.40",43
GC=F,"Oct 15, 2020","1,898.50","1,900.80","1,898.50","1,900.80","1,900.80",53
GC=F,"Oct 14, 2020","1,897.30","1,906.30","1,889.60","1,903.20","1,903.20",254
GC=F,"Oct 13, 2020","1,889.70","1,910.80","1,882.50","1,901.30","1,901.30",33
GC=F,"Oct 12, 2020","1,921.90","1,922.20","1,887.00","1,888.50","1,888.50",191
GC=F,"Oct 11, 2020","1,924.00","1,926.50","1,921.60","1,922.50","1,922.50",96
GC=F,"Oct 08, 2020","1,909.30","1,929.10","1,905.10","1,919.50","1,919.50",580
GC=F,"Oct 07, 2020","1,893.00","1,893.00","1,882.70","1,888.60","1,888.60",348
symbol,date,open,high,low,close,adjusted_close,volume
GC=F,"Oct 06, 2020","1,874.10","1,889.80","1,873.10","1,883.60","1,883.60",50
GC=F,"Oct 05, 2020","1,906.60","1,918.00","1,874.40","1,901.10","1,901.10",968
GC=F,"Oct 04, 2020","1,898.90","1,915.60","1,884.70","1,912.50","1,912.50","1,360"
GC=F,"Oct 01, 2020","1,893.90","1,913.00","1,893.90","1,900.20","1,900.20",530
GC=F,"Sep 30, 2020","1,884.10","1,909.60","1,882.50","1,908.40","1,908.40",730
GC=F,"Sep 29, 2020","1,893.00","1,899.70","1,879.80","1,887.50","1,887.50",600
GC=F,"Sep 28, 2020","1,876.50","1,895.40","1,872.40","1,894.30","1,894.30","3,283"
GC=F,"Sep 27, 2020","1,872.80","1,872.80","1,872.80","1,872.80","1,872.80","10,455"
GC=F,"Sep 24, 2020","1,856.30","1,857.70","1,856.30","1,857.70","1,857.70",4
GC=F,"Sep 23, 2020","1,851.50","1,868.30","1,851.50","1,868.30","1,868.30",365
GC=F,"Sep 22, 2020","1,875.50","1,875.50","1,859.90","1,859.90","1,859.90",5
GC=F,"Sep 21, 2020","1,913.10","1,913.10","1,898.60","1,898.60","1,898.60",331
GC=F,"Sep 20, 2020","1,946.20","1,946.20","1,883.40","1,901.20","1,901.20",52
GC=F,"Sep 17, 2020","1,950.50","1,952.10","1,949.00","1,952.10","1,952.10",38
GC=F,"Sep 16, 2020","1,939.00","1,946.00","1,933.70","1,940.00","1,940.00",67
GC=F,"Sep 15, 2020","1,961.30","1,961.40","1,956.70","1,960.20","1,960.20",124
GC=F,"Sep 14, 2020","1,955.80","1,968.50","1,955.80","1,956.30","1,956.30",74
GC=F,"Sep 13, 2020","1,946.30","1,953.10","1,943.00","1,953.10","1,953.10",55
GC=F,"Sep 10, 2020","1,944.00","1,949.50","1,937.80","1,937.80","1,937.80",73
GC=F,"Sep 09, 2020","1,944.10","1,962.70","1,944.10","1,954.20","1,954.20",722
GC=F,"Sep 08, 2020","1,926.90","1,946.20","1,924.60","1,944.70","1,944.70",219
GC=F,"Sep 07, 2020","1,930.90","1,937.90","1,903.10","1,933.00","1,933.00",271
GC=F,"Sep 03, 2020","1,927.90","1,939.70","1,917.70","1,923.90","1,923.90",607
GC=F,"Sep 02, 2020","1,937.10","1,938.80","1,923.00","1,927.60","1,927.60",179
GC=F,"Sep 01, 2020","1,967.30","1,967.30","1,934.40","1,934.40","1,934.40",71
GC=F,"Aug 31, 2020","1,961.70","1,986.30","1,961.70","1,968.20","1,968.20",186
GC=F,"Aug 30, 2020","1,970.00","1,971.30","1,953.30","1,967.60","1,967.60",158
GC=F,"Aug 27, 2020","1,927.10","1,971.30","1,922.50","1,964.60","1,964.60",778
GC=F,"Aug 26, 2020","1,948.90","1,972.50","1,921.60","1,921.60","1,921.60","2,303"
GC=F,"Aug 25, 2020","1,909.70","1,950.80","1,909.70","1,940.70","1,940.70",287
GC=F,"Aug 24, 2020","1,927.50","1,928.50","1,911.80","1,911.80","1,911.80",176
GC=F,"Aug 23, 2020","1,930.20","1,940.00","1,922.20","1,927.70","1,927.70",85
GC=F,"Aug 20, 2020","1,941.00","1,945.00","1,908.90","1,934.60","1,934.60",184
GC=F,"Aug 19, 2020","1,941.20","1,948.30","1,922.30","1,933.80","1,933.80",106
GC=F,"Aug 18, 2020","1,980.00","1,980.00","1,938.70","1,958.70","1,958.70",347
GC=F,"Aug 17, 2020","2,001.10","2,002.80","1,972.10","1,999.40","1,999.40",92
GC=F,"Aug 16, 2020","1,949.60","1,985.00","1,949.60","1,985.00","1,985.00",97
GC=F,"Aug 13, 2020","1,938.70","1,947.40","1,937.00","1,937.00","1,937.00",201
GC=F,"Aug 12, 2020","1,921.50","1,957.40","1,916.90","1,956.70","1,956.70",71
GC=F,"Aug 11, 2020","1,923.00","1,946.60","1,871.60","1,934.90","1,934.90",404
GC=F,"Aug 10, 2020","2,012.40","2,016.00","1,904.00","1,932.60","1,932.60",971
GC=F,"Aug 09, 2020","2,026.40","2,043.80","2,017.50","2,024.40","2,024.40",233
GC=F,"Aug 06, 2020","2,040.10","2,055.00","2,009.60","2,010.10","2,010.10",808
GC=F,"Aug 05, 2020","2,045.50","2,063.00","2,040.00","2,051.50","2,051.50",294
GC=F,"Aug 04, 2020","2,024.00","2,050.20","2,011.00","2,031.10","2,031.10","1,422"
GC=F,"Aug 03, 2020","1,971.00","2,016.20","1,968.80","2,001.20","2,001.20","2,010"
GC=F,"Aug 02, 2020","1,984.30","1,984.30","1,955.50","1,966.00","1,966.00",683
GC=F,"Jul 30, 2020","1,948.60","1,981.10","1,948.00","1,962.80","1,962.80","2,914"
GC=F,"Jul 29, 2020","1,963.40","1,965.10","1,930.00","1,942.30","1,942.30","28,853"
GC=F,"Jul 28, 2020","1,953.20","1,953.50","1,952.60","1,953.50","1,953.50","209,835"
GC=F,"Jul 27, 2020","1,931.50","1,944.70","1,928.60","1,944.70","1,944.70",825
GC=F,"Jul 26, 2020","1,901.70","1,938.00","1,901.50","1,931.00","1,931.00",364
GC=F,"Jul 23, 2020","1,884.30","1,897.30","1,884.30","1,897.30","1,897.30",474
GC=F,"Jul 22, 2020","1,868.70","1,890.30","1,868.50","1,889.10","1,889.10",133
GC=F,"Jul 21, 2020","1,858.10","1,867.00","1,854.70","1,864.10","1,864.10",213
GC=F,"Jul 20, 2020","1,822.00","1,842.40","1,822.00","1,842.40","1,842.40",117
GC=F,"Jul 19, 2020","1,807.00","1,817.30","1,807.00","1,815.90","1,815.90",89
GC=F,"Jul 16, 2020","1,798.50","1,810.10","1,798.50","1,808.30","1,808.30",24
GC=F,"Jul 15, 2020","1,810.90","1,810.90","1,794.30","1,798.70","1,798.70",146
GC=F,"Jul 14, 2020","1,806.10","1,813.50","1,806.10","1,811.40","1,811.40",167
GC=F,"Jul 13, 2020","1,791.00","1,811.50","1,791.00","1,810.60","1,810.60",339
GC=F,"Jul 12, 2020","1,805.00","1,811.00","1,805.00","1,811.00","1,811.00",164
GC=F,"Jul 09, 2020","1,805.50","1,805.50","1,797.70","1,798.20","1,798.20",236
GC=F,"Jul 08, 2020","1,816.10","1,819.80","1,799.20","1,799.20","1,799.20",396
GC=F,"Jul 07, 2020","1,801.50","1,817.90","1,801.50","1,815.50","1,815.50",209
GC=F,"Jul 06, 2020","1,789.30","1,804.20","1,783.30","1,804.20","1,804.20",751
GC=F,"Jul 05, 2020","1,788.20","1,790.10","1,788.20","1,788.50","1,788.50",172
GC=F,"Jul 01, 2020","1,773.40","1,784.00","1,768.70","1,784.00","1,784.00",215
GC=F,"Jun 30, 2020","1,793.60","1,798.00","1,765.80","1,773.20","1,773.20",331
GC=F,"Jun 29, 2020","1,777.30","1,793.20","1,774.40","1,793.00","1,793.00",986
GC=F,"Jun 28, 2020","1,779.80","1,780.20","1,774.30","1,774.80","1,774.80",584
GC=F,"Jun 25, 2020","1,766.00","1,772.50","1,764.70","1,772.50","1,772.50",640
GC=F,"Jun 24, 2020","1,761.70","1,764.80","1,759.80","1,762.10","1,762.10",207
GC=F,"Jun 23, 2020","1,778.30","1,783.10","1,764.50","1,765.80","1,765.80",961
GC=F,"Jun 22, 2020","1,755.40","1,776.30","1,754.20","1,772.10","1,772.10",666
GC=F,"Jun 21, 2020","1,755.20","1,767.60","1,750.50","1,756.70","1,756.70","1,356"
GC=F,"Jun 18, 2020","1,723.70","1,750.70","1,723.50","1,745.90","1,745.90","1,329"
GC=F,"Jun 17, 2020","1,730.50","1,734.10","1,717.30","1,724.80","1,724.80",110
GC=F,"Jun 16, 2020","1,714.70","1,729.20","1,714.70","1,729.20","1,729.20",51
GC=F,"Jun 15, 2020","1,726.30","1,729.60","1,722.40","1,729.60","1,729.60",22
GC=F,"Jun 14, 2020","1,730.00","1,730.00","1,703.30","1,720.30","1,720.30",188
GC=F,"Jun 11, 2020","1,724.90","1,743.00","1,724.90","1,729.30","1,729.30",318
GC=F,"Jun 10, 2020","1,737.20","1,744.10","1,720.00","1,732.00","1,732.00",347
GC=F,"Jun 09, 2020","1,716.10","1,740.80","1,711.90","1,713.30","1,713.30",718
GC=F,"Jun 08, 2020","1,694.60","1,720.90","1,692.00","1,714.70","1,714.70",690
GC=F,"Jun 07, 2020","1,679.10","1,699.40","1,675.90","1,698.30","1,698.30",587
GC=F,"Jun 04, 2020","1,711.80","1,711.80","1,668.60","1,676.20","1,676.20","1,502"
GC=F,"Jun 03, 2020","1,694.50","1,718.90","1,694.50","1,718.90","1,718.90",807
GC=F,"Jun 02, 2020","1,726.30","1,726.30","1,684.50","1,697.80","1,697.80","2,755"
GC=F,"Jun 01, 2020","1,743.00","1,745.50","1,721.80","1,725.20","1,725.20",741
GC=F,"May 31, 2020","1,740.40","1,747.00","1,727.10","1,737.80","1,737.80",871
GC=F,"May 28, 2020","1,718.80","1,738.30","1,715.10","1,736.90","1,736.90","1,526"
GC=F,"May 27, 2020","1,709.30","1,727.80","1,705.00","1,713.30","1,713.30","23,355"
GC=F,"May 26, 2020","1,685.60","1,710.30","1,685.60","1,710.30","1,710.30","137,416"
GC=F,"May 25, 2020","1,726.40","1,726.40","1,704.80","1,704.80","1,704.80",39
GC=F,"May 21, 2020","1,726.60","1,734.60","1,726.60","1,734.60","1,734.60",6
GC=F,"May 20, 2020","1,746.80","1,746.80","1,720.50","1,720.50","1,720.50",528
GC=F,"May 19, 2020","1,751.60","1,752.10","1,745.60","1,750.60","1,750.60",16
symbol,date,open,high,low,close,adjusted_close,volume
GC=F,"May 18, 2020","1,744.20","1,749.50","1,744.20","1,744.20","1,744.20",167
GC=F,"May 17, 2020","1,755.70","1,770.50","1,731.80","1,731.80","1,731.80",229
GC=F,"May 14, 2020","1,739.70","1,753.40","1,739.70","1,753.40","1,753.40",719
GC=F,"May 13, 2020","1,724.30","1,743.10","1,720.50","1,738.10","1,738.10",672
GC=F,"May 12, 2020","1,702.00","1,721.30","1,701.90","1,713.90","1,713.90",431
GC=F,"May 11, 2020","1,699.30","1,713.10","1,699.30","1,704.40","1,704.40",324
GC=F,"May 10, 2020","1,702.30","1,704.50","1,690.20","1,695.30","1,695.30",749
GC=F,"May 07, 2020","1,726.20","1,728.90","1,703.80","1,709.90","1,709.90",330
GC=F,"May 06, 2020","1,686.20","1,721.80","1,685.60","1,721.80","1,721.80",853
GC=F,"May 05, 2020","1,704.00","1,704.00","1,684.20","1,684.20","1,684.20",469
GC=F,"May 04, 2020","1,701.50","1,704.40","1,697.20","1,704.40","1,704.40",82
GC=F,"May 03, 2020","1,702.60","1,709.00","1,699.60","1,706.90","1,706.90",320
GC=F,"Apr 30, 2020","1,686.60","1,701.50","1,670.50","1,694.50","1,694.50",337
GC=F,"Apr 29, 2020","1,719.30","1,719.30","1,680.80","1,684.20","1,684.20",327
GC=F,"Apr 28, 2020","1,710.00","1,713.50","1,702.00","1,703.40","1,703.40",373
GC=F,"Apr 27, 2020","1,716.60","1,716.60","1,707.10","1,710.50","1,710.50","1,255"
GC=F,"Apr 26, 2020","1,731.90","1,731.90","1,711.90","1,711.90","1,711.90",169
GC=F,"Apr 23, 2020","1,744.00","1,744.00","1,714.50","1,723.50","1,723.50",221
GC=F,"Apr 22, 2020","1,734.00","1,745.10","1,733.30","1,733.30","1,733.30",482
GC=F,"Apr 21, 2020","1,696.00","1,728.70","1,684.80","1,728.70","1,728.70",453
GC=F,"Apr 20, 2020","1,697.00","1,707.10","1,659.90","1,678.20","1,678.20",666
GC=F,"Apr 19, 2020","1,686.00","1,701.60","1,680.00","1,701.60","1,701.60",106
GC=F,"Apr 16, 2020","1,715.70","1,725.00","1,684.90","1,689.20","1,689.20",223
GC=F,"Apr 15, 2020","1,731.00","1,750.60","1,715.00","1,720.40","1,720.40",162
GC=F,"Apr 14, 2020","1,739.40","1,744.90","1,722.70","1,727.20","1,727.20",642
GC=F,"Apr 13, 2020","1,756.80","1,775.00","1,739.50","1,756.70","1,756.70",675
GC=F,"Apr 12, 2020","1,722.00","1,756.80","1,710.70","1,744.80","1,744.80",696
GC=F,"Apr 08, 2020","1,662.70","1,736.20","1,662.70","1,736.20","1,736.20",825
GC=F,"Apr 07, 2020","1,669.70","1,677.00","1,662.50","1,665.40","1,665.40",747
GC=F,"Apr 06, 2020","1,695.70","1,724.40","1,658.00","1,664.80","1,664.80","1,144"
GC=F,"Apr 05, 2020","1,629.10","1,696.70","1,625.90","1,677.00","1,677.00","1,063"
GC=F,"Apr 02, 2020","1,624.50","1,636.00","1,619.80","1,633.70","1,633.70",643
GC=F,"Apr 01, 2020","1,590.90","1,631.20","1,586.00","1,625.70","1,625.70","1,294"
GC=F,"Mar 31, 2020","1,570.00","1,600.00","1,570.00","1,578.20","1,578.20","2,158"
GC=F,"Mar 30, 2020","1,618.70","1,621.00","1,576.00","1,583.40","1,583.40","2,874"
GC=F,"Mar 29, 2020","1,641.20","1,652.80","1,607.20","1,622.00","1,622.00","16,389"
GC=F,"Mar 26, 2020","1,623.90","1,623.90","1,623.90","1,623.90","1,623.90","100,638"
GC=F,"Mar 25, 2020","1,660.50","1,660.50","1,650.10","1,650.10","1,650.10",3
GC=F,"Mar 24, 2020","1,676.50","1,676.50","1,631.10","1,632.30","1,632.30",476
GC=F,"Mar 23, 2020","1,592.70","1,685.50","1,592.70","1,660.20","1,660.20",442
GC=F,"Mar 22, 2020","1,505.30","1,567.00","1,490.20","1,567.00","1,567.00",51
GC=F,"Mar 19, 2020","1,483.50","1,484.00","1,483.50","1,484.00","1,484.00",14
GC=F,"Mar 18, 2020","1,481.50","1,491.60","1,471.00","1,478.60","1,478.60",262
GC=F,"Mar 17, 2020","1,537.50","1,542.00","1,477.30","1,477.30","1,477.30",333
GC=F,"Mar 16, 2020","1,469.30","1,537.70","1,469.30","1,524.90","1,524.90",122
GC=F,"Mar 15, 2020","1,569.10","1,569.10","1,452.10","1,485.90","1,485.90",193
GC=F,"Mar 12, 2020","1,574.90","1,589.80","1,513.80","1,515.70","1,515.70",89
GC=F,"Mar 11, 2020","1,637.00","1,647.50","1,566.40","1,589.30","1,589.30",256
GC=F,"Mar 10, 2020","1,656.60","1,666.50","1,635.00","1,641.40","1,641.40",47
GC=F,"Mar 09, 2020","1,671.60","1,674.60","1,643.00","1,659.10","1,659.10",48
GC=F,"Mar 08, 2020","1,696.10","1,701.60","1,657.70","1,674.50","1,674.50",161
GC=F,"Mar 06, 2020","1,670.80","1,686.20","1,647.20","1,670.80","1,670.80",175
GC=F,"Mar 05, 2020","1,637.30","1,672.90","1,637.20","1,666.40","1,666.40",154
GC=F,"Mar 04, 2020","1,645.40","1,645.90","1,631.30","1,641.10","1,641.10",83
GC=F,"Mar 03, 2020","1,594.50","1,645.30","1,594.00","1,642.10","1,642.10",610
GC=F,"Mar 02, 2020","1,583.90","1,608.30","1,574.30","1,592.30","1,592.30",537
GC=F,"Feb 28, 2020","1,640.30","1,642.50","1,564.10","1,564.10","1,564.10",289
GC=F,"Feb 27, 2020","1,641.10","1,658.00","1,638.50","1,640.00","1,640.00",707
GC=F,"Feb 26, 2020","1,644.00","1,648.10","1,636.40","1,640.00","1,640.00","1,990"
GC=F,"Feb 25, 2020","1,645.10","1,653.70","1,632.30","1,646.90","1,646.90",409
GC=F,"Feb 24, 2020","1,657.00","1,686.60","1,650.00","1,672.40","1,672.40",435
GC=F,"Feb 21, 2020","1,619.30","1,645.00","1,619.30","1,644.60","1,644.60",186
GC=F,"Feb 20, 2020","1,606.50","1,621.00","1,603.00","1,616.60","1,616.60",117
GC=F,"Feb 19, 2020","1,600.60","1,610.50","1,599.70","1,607.50","1,607.50",542
GC=F,"Feb 18, 2020","1,579.80","1,604.30","1,579.80","1,600.00","1,600.00",310
GC=F,"Feb 14, 2020","1,575.80","1,582.70","1,574.80","1,582.70","1,582.70",68
GC=F,"Feb 13, 2020","1,570.20","1,575.10","1,570.20","1,575.10","1,575.10",74
GC=F,"Feb 12, 2020","1,565.20","1,568.70","1,561.00","1,567.40","1,567.40",36
GC=F,"Feb 11, 2020","1,570.90","1,571.10","1,561.90","1,565.60","1,565.60",440
GC=F,"Feb 10, 2020","1,569.30","1,574.70","1,568.60","1,574.70","1,574.70",128
GC=F,"Feb 07, 2020","1,564.90","1,571.90","1,560.50","1,568.60","1,568.60",431
GC=F,"Feb 06, 2020","1,553.60","1,565.60","1,551.60","1,565.10","1,565.10",110
GC=F,"Feb 05, 2020","1,553.20","1,560.70","1,547.70","1,557.80","1,557.80","1,305"
GC=F,"Feb 04, 2020","1,577.70","1,577.70","1,547.80","1,550.40","1,550.40",978
GC=F,"Feb 03, 2020","1,592.90","1,593.30","1,568.20","1,577.20","1,577.20","1,062"
GC=F,"Jan 31, 2020","1,573.40","1,589.00","1,570.00","1,582.90","1,582.90","1,095"
GC=F,"Jan 30, 2020","1,576.80","1,585.00","1,571.40","1,583.50","1,583.50","62,336"
GC=F,"Jan 29, 2020","1,569.80","1,569.80","1,569.80","1,569.80","1,569.80","251,274"
GC=F,"Jan 28, 2020","1,576.40","1,576.40","1,569.20","1,569.20","1,569.20",3
GC=F,"Jan 27, 2020","1,584.30","1,584.50","1,576.80","1,576.80","1,576.80",22
GC=F,"Jan 24, 2020","1,556.30","1,571.10","1,556.30","1,571.10","1,571.10",43
GC=F,"Jan 23, 2020","1,553.10","1,564.60","1,552.20","1,564.60","1,564.60",15
GC=F,"Jan 22, 2020","1,549.80","1,557.10","1,549.80","1,555.30","1,555.30",42
GC=F,"Jan 21, 2020","1,559.30","1,566.20","1,551.00","1,556.40","1,556.40",45
GC=F,"Jan 17, 2020","1,554.10","1,558.80","1,553.60","1,558.80","1,558.80",108
GC=F,"Jan 16, 2020","1,555.70","1,556.10","1,548.50","1,549.00","1,549.00",98
GC=F,"Jan 15, 2020","1,548.00","1,553.90","1,545.60","1,552.10","1,552.10",11
GC=F,"Jan 14, 2020","1,546.70","1,546.70","1,534.90","1,542.40","1,542.40",32
GC=F,"Jan 13, 2020","1,557.40","1,558.00","1,548.40","1,548.40","1,548.40",48
GC=F,"Jan 10, 2020","1,551.20","1,558.80","1,545.40","1,557.50","1,557.50",16
GC=F,"Jan 09, 2020","1,555.70","1,555.70","1,543.30","1,551.70","1,551.70",54
GC=F,"Jan 08, 2020","1,579.70","1,604.20","1,552.30","1,557.40","1,557.40",236
GC=F,"Jan 07, 2020","1,558.30","1,576.30","1,558.30","1,571.80","1,571.80",47
GC=F,"Jan 06, 2020","1,580.00","1,580.00","1,560.40","1,566.20","1,566.20",416
GC=F,"Jan 03, 2020","1,530.10","1,552.70","1,530.10","1,549.20","1,549.20",107
GC=F,"Jan 02, 2020","1,518.10","1,528.70","1,518.00","1,524.50","1,524.50",214
GC=F,"Dec 31, 2019","1,513.80","1,523.40","1,513.80","1,519.50","1,519.50",301
symbol,date,open,high,low,close,adjusted_close,volume
GC=F,"Dec 30, 2019","1,512.60","1,515.10","1,510.00","1,514.50","1,514.50",446
GC=F,"Dec 27, 2019","1,513.80","1,513.80","1,513.80","1,513.80","1,513.80",839
GC=F,"Dec 26, 2019","1,505.20","1,512.30","1,505.00","1,509.30","1,509.30",126
GC=F,"Dec 24, 2019","1,488.70","1,499.10","1,488.70","1,499.10","1,499.10",52
GC=F,"Dec 23, 2019","1,482.30","1,482.50","1,479.90","1,482.50","1,482.50",391
GC=F,"Dec 20, 2019","1,476.70","1,478.10","1,474.70","1,474.70","1,474.70",118
GC=F,"Dec 19, 2019","1,475.90","1,478.90","1,473.30","1,478.20","1,478.20",319
GC=F,"Dec 18, 2019","1,472.60","1,472.60","1,472.60","1,472.60","1,472.60",250
GC=F,"Dec 17, 2019","1,474.10","1,476.90","1,474.00","1,474.60","1,474.60",410
GC=F,"Dec 16, 2019","1,473.80","1,475.30","1,473.80","1,475.00","1,475.00",99
GC=F,"Dec 13, 2019","1,463.10","1,475.90","1,463.10","1,475.60","1,475.60",468
GC=F,"Dec 12, 2019","1,475.10","1,483.90","1,463.70","1,466.70","1,466.70",955
GC=F,"Dec 11, 2019","1,463.10","1,475.40","1,463.10","1,469.40","1,469.40",393
GC=F,"Dec 10, 2019","1,460.70","1,467.20","1,460.70","1,462.60","1,462.60",367
GC=F,"Dec 09, 2019","1,458.80","1,464.20","1,458.60","1,459.30","1,459.30","1,461"
GC=F,"Dec 06, 2019","1,475.00","1,476.00","1,458.20","1,459.10","1,459.10",899
GC=F,"Dec 05, 2019","1,474.70","1,478.00","1,472.30","1,476.90","1,476.90",907
GC=F,"Dec 04, 2019","1,477.50","1,483.40","1,471.20","1,474.00","1,474.00",613
GC=F,"Dec 03, 2019","1,461.60","1,480.40","1,459.50","1,478.20","1,478.20","1,460"
GC=F,"Dec 02, 2019","1,462.80","1,464.40","1,453.30","1,462.30","1,462.30","2,172"
GC=F,"Nov 29, 2019","1,453.60","1,465.60","1,452.10","1,465.60","1,465.60","7,020"
GC=F,"Nov 27, 2019","1,461.10","1,461.90","1,452.00","1,453.40","1,453.40","88,364"
GC=F,"Nov 26, 2019","1,459.80","1,459.80","1,459.80","1,459.80","1,459.80","346,362"
GC=F,"Nov 25, 2019","1,457.10","1,457.10","1,455.50","1,456.60","1,456.60",14
GC=F,"Nov 22, 2019","1,468.60","1,468.60","1,463.10","1,463.10","1,463.10",19
GC=F,"Nov 21, 2019","1,463.10","1,463.10","1,463.10","1,463.10","1,463.10",16
GC=F,"Nov 20, 2019","1,472.60","1,474.50","1,467.30","1,473.30","1,473.30",31
GC=F,"Nov 19, 2019","1,467.70","1,474.30","1,467.70","1,473.30","1,473.30",18
GC=F,"Nov 18, 2019","1,472.00","1,472.00","1,469.70","1,470.90","1,470.90",141
GC=F,"Nov 15, 2019","1,469.10","1,469.10","1,467.30","1,467.30","1,467.30",13
GC=F,"Nov 14, 2019","1,463.80","1,471.80","1,463.70","1,471.80","1,471.80",83
GC=F,"Nov 13, 2019","1,456.80","1,463.30","1,456.80","1,461.70","1,461.70",56
GC=F,"Nov 12, 2019","1,454.90","1,454.90","1,447.10","1,452.10","1,452.10",6
GC=F,"Nov 11, 2019","1,461.00","1,461.00","1,449.30","1,455.50","1,455.50",22
GC=F,"Nov 08, 2019","1,469.10","1,469.10","1,461.30","1,461.30","1,461.30",21
GC=F,"Nov 07, 2019","1,489.10","1,489.10","1,464.20","1,464.20","1,464.20",581
GC=F,"Nov 06, 2019","1,483.20","1,491.00","1,483.20","1,490.20","1,490.20",567
GC=F,"Nov 05, 2019","1,507.10","1,507.10","1,480.80","1,480.80","1,480.80",31
GC=F,"Nov 04, 2019","1,511.60","1,511.60","1,508.00","1,508.00","1,508.00",101
GC=F,"Oct 31, 2019","1,511.00","1,511.60","1,503.00","1,508.00","1,508.00",235
GC=F,"Oct 30, 2019","1,496.10","1,513.10","1,496.10","1,511.40","1,511.40",210
GC=F,"Oct 29, 2019","1,487.20","1,495.40","1,481.00","1,493.20","1,493.20",320
GC=F,"Oct 28, 2019","1,485.90","1,487.00","1,485.90","1,487.00","1,487.00",425
GC=F,"Oct 27, 2019","1,504.10","1,504.10","1,490.00","1,490.00","1,490.00",37
GC=F,"Oct 24, 2019","1,501.40","1,514.30","1,499.00","1,499.50","1,499.50",93
GC=F,"Oct 23, 2019","1,490.50","1,501.20","1,485.90","1,498.90","1,498.90",115
GC=F,"Oct 22, 2019","1,486.40","1,490.30","1,486.40","1,489.90","1,489.90",67
GC=F,"Oct 21, 2019","1,483.40","1,483.50","1,481.70","1,481.70","1,481.70",99
GC=F,"Oct 20, 2019","1,489.90","1,489.90","1,481.50","1,482.40","1,482.40",72
GC=F,"Oct 17, 2019","1,487.30","1,489.10","1,486.60","1,488.20","1,488.20",82
GC=F,"Oct 16, 2019","1,486.20","1,493.20","1,485.80","1,492.30","1,492.30",271
GC=F,"Oct 15, 2019","1,482.00","1,488.00","1,480.00","1,488.00","1,488.00",383
GC=F,"Oct 14, 2019","1,488.90","1,495.40","1,476.60","1,477.60","1,477.60",367
GC=F,"Oct 13, 2019","1,484.40","1,493.50","1,481.30","1,491.70","1,491.70",400
GC=F,"Oct 10, 2019","1,491.90","1,494.90","1,476.90","1,482.70","1,482.70",57
GC=F,"Oct 09, 2019","1,511.20","1,511.20","1,490.60","1,494.80","1,494.80",78
GC=F,"Oct 08, 2019","1,507.70","1,507.70","1,498.40","1,506.10","1,506.10",120
GC=F,"Oct 07, 2019","1,489.40","1,506.30","1,489.30","1,497.20","1,497.20",46
GC=F,"Oct 06, 2019","1,504.80","1,505.80","1,489.10","1,497.70","1,497.70",121
GC=F,"Oct 03, 2019","1,505.60","1,508.70","1,497.10","1,506.20","1,506.20",233
GC=F,"Oct 02, 2019","1,497.40","1,518.20","1,496.60","1,507.10","1,507.10","1,213"
GC=F,"Oct 01, 2019","1,476.60","1,503.70","1,474.10","1,501.00","1,501.00",205
GC=F,"Sep 30, 2019","1,468.70","1,485.50","1,458.30","1,482.00","1,482.00",219
GC=F,"Sep 29, 2019","1,495.90","1,495.90","1,463.50","1,465.70","1,465.70","1,078"
GC=F,"Sep 26, 2019","1,504.20","1,506.10","1,485.60","1,499.10","1,499.10","7,827"
GC=F,"Sep 25, 2019","1,507.50","1,507.50","1,507.50","1,507.50","1,507.50","8,178"
GC=F,"Sep 24, 2019","1,527.60","1,527.90","1,504.60","1,504.60","1,504.60",25
GC=F,"Sep 23, 2019","1,515.10","1,533.00","1,515.10","1,532.10","1,532.10",25
GC=F,"Sep 22, 2019","1,515.50","1,523.70","1,515.50","1,523.70","1,523.70",5
GC=F,"Sep 19, 2019","1,503.00","1,507.30","1,503.00","1,507.30","1,507.30",2
GC=F,"Sep 18, 2019","1,496.10","1,502.40","1,496.10","1,498.40","1,498.40",10
GC=F,"Sep 17, 2019","1,508.90","1,509.40","1,489.30","1,507.50","1,507.50",8
GC=F,"Sep 16, 2019","1,497.90","1,505.10","1,497.90","1,505.10","1,505.10",3
GC=F,"Sep 15, 2019","1,506.60","1,506.80","1,496.90","1,503.10","1,503.10",21
GC=F,"Sep 12, 2019","1,490.90","1,490.90","1,486.90","1,490.90","1,490.90",1
GC=F,"Sep 11, 2019","1,499.50","1,515.40","1,498.70","1,498.70","1,498.70",27
GC=F,"Sep 10, 2019","1,491.70","1,496.60","1,490.20","1,494.40","1,494.40",8
GC=F,"Sep 09, 2019","1,498.50","1,498.50","1,486.90","1,490.30","1,490.30",23
GC=F,"Sep 08, 2019","1,509.00","1,513.00","1,498.00","1,502.20","1,502.20",69
GC=F,"Sep 05, 2019","1,517.30","1,526.00","1,504.50","1,506.20","1,506.20",54
GC=F,"Sep 04, 2019","1,551.00","1,551.10","1,511.10","1,515.40","1,515.40",125
GC=F,"Sep 03, 2019","1,549.00","1,553.20","1,534.80","1,550.30","1,550.30",46
GC=F,"Sep 02, 2019","1,522.90","1,547.30","1,521.00","1,545.90","1,545.90",139
GC=F,"Aug 29, 2019","1,524.60","1,530.40","1,516.70","1,519.10","1,519.10",276
GC=F,"Aug 28, 2019","1,537.50","1,549.30","1,519.60","1,526.50","1,526.50",704
GC=F,"Aug 27, 2019","1,538.10","1,538.10","1,537.80","1,537.80","1,537.80","2,756"
GC=F,"Aug 26, 2019","1,530.50","1,542.10","1,528.50","1,541.00","1,541.00",166
GC=F,"Aug 25, 2019","1,543.20","1,543.30","1,524.30","1,526.30","1,526.30",334
GC=F,"Aug 22, 2019","1,493.50","1,527.60","1,493.50","1,526.60","1,526.60",983
GC=F,"Aug 21, 2019","1,495.10","1,497.30","1,493.80","1,497.30","1,497.30",686
GC=F,"Aug 20, 2019","1,504.90","1,505.00","1,498.80","1,504.60","1,504.60",350
GC=F,"Aug 19, 2019","1,497.50","1,506.10","1,497.50","1,504.60","1,504.60",486
GC=F,"Aug 18, 2019","1,507.20","1,507.60","1,492.90","1,500.40","1,500.40",205
GC=F,"Aug 15, 2019","1,524.60","1,524.60","1,504.70","1,512.50","1,512.50","1,815"
GC=F,"Aug 14, 2019","1,519.80","1,522.70","1,510.60","1,519.60","1,519.60",87
GC=F,"Aug 13, 2019","1,500.00","1,520.50","1,497.00","1,515.90","1,515.90",328
GC=F,"Aug 12, 2019","1,510.40","1,531.40","1,483.70","1,502.20","1,502.20",672
GC=F,"Aug 11, 2019","1,496.00","1,514.90","1,488.10","1,505.30","1,505.30",257
symbol,date,open,high,low,close,adjusted_close,volume
GC=F,"Aug 08, 2019","1,506.20","1,507.50","1,495.60","1,496.60","1,496.60",74
GC=F,"Aug 07, 2019","1,498.40","1,508.50","1,492.00","1,497.70","1,497.70",367
GC=F,"Aug 06, 2019","1,473.50","1,509.90","1,473.20","1,507.30","1,507.30",824
GC=F,"Aug 05, 2019","1,469.70","1,475.00","1,457.70","1,472.40","1,472.40",460
GC=F,"Aug 04, 2019","1,440.40","1,469.70","1,440.40","1,464.60","1,464.60","1,008"
GC=F,"Aug 01, 2019","1,448.00","1,448.00","1,432.30","1,445.60","1,445.60","1,873"
GC=F,"Jul 31, 2019","1,411.30","1,445.20","1,400.90","1,420.90","1,420.90","2,431"
GC=F,"Jul 30, 2019","1,431.30","1,435.80","1,411.20","1,426.10","1,426.10","3,294"
GC=F,"Jul 29, 2019","1,426.30","1,433.90","1,422.10","1,429.70","1,429.70","73,874"
GC=F,"Jul 28, 2019","1,419.60","1,419.60","1,419.60","1,419.60","1,419.60","224,267"
GC=F,"Jul 25, 2019","1,422.80","1,423.00","1,418.50","1,418.50","1,418.50",5
GC=F,"Jul 24, 2019","1,413.90","1,413.90","1,413.90","1,413.90","1,413.90",4
GC=F,"Jul 23, 2019","1,422.80","1,422.80","1,422.80","1,422.80","1,422.80",20
GC=F,"Jul 22, 2019","1,418.60","1,421.30","1,416.30","1,420.10","1,420.10",5
GC=F,"Jul 21, 2019","1,425.30","1,425.30","1,424.00","1,425.30","1,425.30",1
GC=F,"Jul 18, 2019","1,440.50","1,442.00","1,425.10","1,425.10","1,425.10",22
GC=F,"Jul 17, 2019","1,422.30","1,444.20","1,419.50","1,426.10","1,426.10",66
GC=F,"Jul 16, 2019","1,404.60","1,421.30","1,404.60","1,421.30","1,421.30",6
GC=F,"Jul 15, 2019","1,413.60","1,413.70","1,405.00","1,409.20","1,409.20",13
GC=F,"Jul 14, 2019","1,414.40","1,415.00","1,411.40","1,411.40","1,411.40",25
GC=F,"Jul 11, 2019","1,405.60","1,410.10","1,405.60","1,409.90","1,409.90",8
GC=F,"Jul 10, 2019","1,424.00","1,424.00","1,404.30","1,404.30","1,404.30",6
GC=F,"Jul 09, 2019","1,409.90","1,410.10","1,409.90","1,410.10","1,410.10",50
GC=F,"Jul 08, 2019","1,394.50","1,397.50","1,386.20","1,397.50","1,397.50",53
GC=F,"Jul 07, 2019","1,395.90","1,397.00","1,393.60","1,397.00","1,397.00",14
GC=F,"Jul 04, 2019","1,418.30","1,418.30","1,390.20","1,396.70","1,396.70",20
GC=F,"Jul 03, 2019","1,431.00","1,434.00","1,413.10","1,417.70","1,417.70",46
GC=F,"Jul 01, 2019","1,391.10","1,418.40","1,390.80","1,404.60","1,404.60",38
GC=F,"Jun 30, 2019","1,386.60","1,395.80","1,382.80","1,385.60","1,385.60",214
GC=F,"Jun 27, 2019","1,408.30","1,422.00","1,408.30","1,409.70","1,409.70",356
GC=F,"Jun 26, 2019","1,407.00","1,410.80","1,399.80","1,408.40","1,408.40",437
GC=F,"Jun 25, 2019","1,407.20","1,413.30","1,405.80","1,411.60","1,411.60","1,333"
GC=F,"Jun 24, 2019","1,418.10","1,433.30","1,414.90","1,414.90","1,414.90",105
GC=F,"Jun 23, 2019","1,406.00","1,420.60","1,402.10","1,414.30","1,414.30",125
GC=F,"Jun 20, 2019","1,406.00","1,406.00","1,390.30","1,396.20","1,396.20",35
GC=F,"Jun 19, 2019","1,381.50","1,392.90","1,379.50","1,392.90","1,392.90",76
GC=F,"Jun 18, 2019","1,344.00","1,344.60","1,344.00","1,344.60","1,344.60",129
GC=F,"Jun 17, 2019","1,349.30","1,349.30","1,341.60","1,346.60","1,346.60",29
GC=F,"Jun 16, 2019","1,339.00","1,340.30","1,335.00","1,338.70","1,338.70",76
GC=F,"Jun 13, 2019","1,345.40","1,355.40","1,339.30","1,340.10","1,340.10",914
GC=F,"Jun 12, 2019","1,331.60","1,341.10","1,331.60","1,339.20","1,339.20",157
GC=F,"Jun 11, 2019","1,326.90","1,334.50","1,326.90","1,331.90","1,331.90",139
GC=F,"Jun 10, 2019","1,328.40","1,328.40","1,319.10","1,326.40","1,326.40",201
GC=F,"Jun 09, 2019","1,335.80","1,336.50","1,324.10","1,324.70","1,324.70",268
GC=F,"Jun 06, 2019","1,333.10","1,347.70","1,329.80","1,341.20","1,341.20",240
GC=F,"Jun 05, 2019","1,330.80","1,338.70","1,326.20","1,337.60","1,337.60",161
GC=F,"Jun 04, 2019","1,328.90","1,343.30","1,326.30","1,328.30","1,328.30",622
GC=F,"Jun 03, 2019","1,324.30","1,328.60","1,320.80","1,323.40","1,323.40",302
GC=F,"Jun 02, 2019","1,307.00","1,327.80","1,307.00","1,322.70","1,322.70",812
GC=F,"May 30, 2019","1,287.70","1,306.40","1,287.50","1,305.80","1,305.80","2,814"
GC=F,"May 29, 2019","1,279.40","1,288.30","1,273.90","1,287.10","1,287.10","55,573"
GC=F,"May 28, 2019","1,280.60","1,280.60","1,280.60","1,280.60","1,280.60","189,694"
GC=F,"May 27, 2019","1,276.50","1,276.50","1,276.50","1,276.50","1,276.50",-
GC=F,"May 23, 2019","1,283.00","1,283.00","1,283.00","1,283.00","1,283.00",9
GC=F,"May 22, 2019","1,284.80","1,284.80","1,284.80","1,284.80","1,284.80",-
GC=F,"May 21, 2019","1,273.60","1,273.60","1,273.60","1,273.60","1,273.60",-
GC=F,"May 20, 2019","1,272.00","1,272.00","1,272.00","1,272.00","1,272.00",-
GC=F,"May 19, 2019","1,276.10","1,276.10","1,276.10","1,276.10","1,276.10",20
GC=F,"May 16, 2019","1,280.00","1,280.00","1,274.50","1,274.50","1,274.50",1
GC=F,"May 15, 2019","1,285.20","1,285.40","1,285.00","1,285.00","1,285.00",3
GC=F,"May 14, 2019","1,296.90","1,296.90","1,296.00","1,296.30","1,296.30",55
GC=F,"May 13, 2019","1,297.80","1,297.80","1,294.70","1,294.70","1,294.70",6
GC=F,"May 12, 2019","1,286.70","1,300.10","1,281.80","1,300.10","1,300.10",56
GC=F,"May 09, 2019","1,285.40","1,286.50","1,283.30","1,285.70","1,285.70",6
GC=F,"May 08, 2019","1,278.90","1,285.00","1,278.80","1,283.50","1,283.50",38
GC=F,"May 07, 2019","1,279.40","1,279.40","1,279.40","1,279.40","1,279.40",5
GC=F,"May 06, 2019","1,280.50","1,283.50","1,280.50","1,283.50","1,283.50",8
GC=F,"May 05, 2019","1,282.20","1,282.20","1,280.30","1,281.70","1,281.70",12
GC=F,"May 02, 2019","1,270.10","1,279.20","1,270.10","1,279.20","1,279.20",15
GC=F,"May 01, 2019","1,269.20","1,270.80","1,266.60","1,269.70","1,269.70",63
GC=F,"Apr 30, 2019","1,278.70","1,283.30","1,278.70","1,281.40","1,281.40",70
GC=F,"Apr 29, 2019","1,281.70","1,283.30","1,280.80","1,282.80","1,282.80",114
GC=F,"Apr 28, 2019","1,284.80","1,284.90","1,277.10","1,278.60","1,278.60",568
GC=F,"Apr 25, 2019","1,284.90","1,284.90","1,284.90","1,284.90","1,284.90",804
GC=F,"Apr 24, 2019","1,280.60","1,280.80","1,275.80","1,275.80","1,275.80",95
GC=F,"Apr 23, 2019","1,268.40","1,275.50","1,267.80","1,275.50","1,275.50",518
GC=F,"Apr 22, 2019","1,266.40","1,269.80","1,266.00","1,269.30","1,269.30",206
GC=F,"Apr 21, 2019","1,273.50","1,273.50","1,273.50","1,273.50","1,273.50",147
GC=F,"Apr 17, 2019","1,270.80","1,273.60","1,270.10","1,271.90","1,271.90",27
GC=F,"Apr 16, 2019","1,273.50","1,273.50","1,271.60","1,272.20","1,272.20",308
GC=F,"Apr 15, 2019","1,285.20","1,285.20","1,272.20","1,272.60","1,272.60",643
GC=F,"Apr 14, 2019","1,284.80","1,287.30","1,282.30","1,286.80","1,286.80",523
GC=F,"Apr 11, 2019","1,293.40","1,293.40","1,289.20","1,290.60","1,290.60",607
GC=F,"Apr 10, 2019","1,307.00","1,307.10","1,288.60","1,288.60","1,288.60",420
GC=F,"Apr 09, 2019","1,304.00","1,309.10","1,301.50","1,309.10","1,309.10",66
GC=F,"Apr 08, 2019","1,298.50","1,304.90","1,298.50","1,303.50","1,303.50",30
GC=F,"Apr 07, 2019","1,292.20","1,302.10","1,291.80","1,297.10","1,297.10",63
GC=F,"Apr 04, 2019","1,292.00","1,292.00","1,283.60","1,290.40","1,290.40",181
GC=F,"Apr 03, 2019","1,290.60","1,292.60","1,279.50","1,289.00","1,289.00",269
GC=F,"Apr 02, 2019","1,291.40","1,293.10","1,287.50","1,289.90","1,289.90",172
GC=F,"Apr 01, 2019","1,286.30","1,290.90","1,284.50","1,290.00","1,290.00",525
GC=F,"Mar 31, 2019","1,291.80","1,295.90","1,285.70","1,288.40","1,288.40",675
GC=F,"Mar 28, 2019","1,289.60","1,298.50","1,286.10","1,293.00","1,293.00","1,265"
GC=F,"Mar 27, 2019","1,308.40","1,311.10","1,287.70","1,289.80","1,289.80","87,798"
GC=F,"Mar 26, 2019","1,309.90","1,309.90","1,309.90","1,309.90","1,309.90","206,263"
GC=F,"Mar 25, 2019","1,315.60","1,315.60","1,314.30","1,314.30","1,314.30",1
GC=F,"Mar 24, 2019","1,320.70","1,322.90","1,320.70","1,321.90","1,321.90",19
GC=F,"Mar 21, 2019","1,311.60","1,311.60","1,311.60","1,311.60","1,311.60",-
symbol,date,open,high,low,close,adjusted_close,volume
GC=F,"Mar 20, 2019","1,306.10","1,306.10","1,306.10","1,306.10","1,306.10",-
GC=F,"Mar 19, 2019","1,300.70","1,300.70","1,300.50","1,300.50","1,300.50",2
GC=F,"Mar 18, 2019","1,306.90","1,306.90","1,304.80","1,305.00","1,305.00",20
GC=F,"Mar 17, 2019","1,297.30","1,302.20","1,297.30","1,300.30","1,300.30",8
GC=F,"Mar 14, 2019","1,300.90","1,304.70","1,300.50","1,301.80","1,301.80",26
GC=F,"Mar 13, 2019","1,293.40","1,293.40","1,293.40","1,293.40","1,293.40",1
GC=F,"Mar 12, 2019","1,307.50","1,307.50","1,307.50","1,307.50","1,307.50",-
GC=F,"Mar 11, 2019","1,294.70","1,296.30","1,294.70","1,296.30","1,296.30",1
GC=F,"Mar 10, 2019","1,291.00","1,291.00","1,288.80","1,288.80","1,288.80",9
GC=F,"Mar 08, 2019","1,292.10","1,297.40","1,291.60","1,297.00","1,297.00",10
GC=F,"Mar 07, 2019","1,281.00","1,284.60","1,281.00","1,283.80","1,283.80",11
GC=F,"Mar 06, 2019","1,287.10","1,287.10","1,282.60","1,284.90","1,284.90",14
GC=F,"Mar 05, 2019","1,287.00","1,287.00","1,282.00","1,282.00","1,282.00",114
GC=F,"Mar 04, 2019","1,285.50","1,287.00","1,281.90","1,284.80","1,284.80",28
GC=F,"Mar 01, 2019","1,312.20","1,312.20","1,288.90","1,296.40","1,296.40",110
GC=F,"Feb 28, 2019","1,321.10","1,323.70","1,311.50","1,312.80","1,312.80",141
GC=F,"Feb 27, 2019","1,327.70","1,327.90","1,316.50","1,317.70","1,317.70",604
GC=F,"Feb 26, 2019","1,323.30","1,325.50","1,323.30","1,325.10","1,325.10",939
GC=F,"Feb 25, 2019","1,329.20","1,331.60","1,325.60","1,325.90","1,325.90",185
GC=F,"Feb 22, 2019","1,324.20","1,331.30","1,321.00","1,329.20","1,329.20",718
GC=F,"Feb 21, 2019","1,331.30","1,334.90","1,320.90","1,323.50","1,323.50",414
GC=F,"Feb 20, 2019","1,342.20","1,344.00","1,338.00","1,343.30","1,343.30",581
GC=F,"Feb 19, 2019","1,320.90","1,340.10","1,320.50","1,340.10","1,340.10",390
GC=F,"Feb 15, 2019","1,313.60","1,318.80","1,313.60","1,318.10","1,318.10",190
GC=F,"Feb 14, 2019","1,305.00","1,311.80","1,301.60","1,309.80","1,309.80",858
GC=F,"Feb 13, 2019","1,311.60","1,316.00","1,308.10","1,310.80","1,310.80",143
GC=F,"Feb 12, 2019","1,310.00","1,312.00","1,307.60","1,309.20","1,309.20",109
GC=F,"Feb 11, 2019","1,313.40","1,313.40","1,304.70","1,307.00","1,307.00",119
GC=F,"Feb 08, 2019","1,309.50","1,314.00","1,307.80","1,313.70","1,313.70",122
GC=F,"Feb 07, 2019","1,302.90","1,310.40","1,302.20","1,309.40","1,309.40",203
GC=F,"Feb 06, 2019","1,312.50","1,313.50","1,305.00","1,309.50","1,309.50",358
GC=F,"Feb 05, 2019","1,311.10","1,315.10","1,311.00","1,314.20","1,314.20",362
GC=F,"Feb 04, 2019","1,318.10","1,318.10","1,308.30","1,314.30","1,314.30",675
GC=F,"Feb 01, 2019","1,320.30","1,320.70","1,315.40","1,316.90","1,316.90",878
GC=F,"Jan 31, 2019","1,320.00","1,325.40","1,316.70","1,319.70","1,319.70","1,970"
GC=F,"Jan 30, 2019","1,310.40","1,323.40","1,308.10","1,309.90","1,309.90","54,958"
GC=F,"Jan 29, 2019","1,308.20","1,308.20","1,308.20","1,308.20","1,308.20","213,607"
GC=F,"Jan 28, 2019","1,300.80","1,307.10","1,298.40","1,302.40","1,302.40",54
GC=F,"Jan 25, 2019","1,297.40","1,297.40","1,297.40","1,297.40","1,297.40",-
GC=F,"Jan 24, 2019","1,279.10","1,279.10","1,278.50","1,279.10","1,279.10",1
GC=F,"Jan 23, 2019","1,281.70","1,283.90","1,278.70","1,283.10","1,283.10",14
GC=F,"Jan 22, 2019","1,282.50","1,283.30","1,282.50","1,282.50","1,282.50",7
GC=F,"Jan 18, 2019","1,281.30","1,281.30","1,281.30","1,281.30","1,281.30",3
GC=F,"Jan 17, 2019","1,291.60","1,292.70","1,288.50","1,291.00","1,291.00",10
GC=F,"Jan 16, 2019","1,291.60","1,291.60","1,291.60","1,291.60","1,291.60",2
GC=F,"Jan 15, 2019","1,290.10","1,292.70","1,286.20","1,286.20","1,286.20",3
GC=F,"Jan 14, 2019","1,292.40","1,293.90","1,289.10","1,289.10","1,289.10",7
GC=F,"Jan 11, 2019","1,291.20","1,291.20","1,286.30","1,287.10","1,287.10",11
GC=F,"Jan 10, 2019","1,284.70","1,284.70","1,284.70","1,284.70","1,284.70",-
GC=F,"Jan 09, 2019","1,279.40","1,289.30","1,279.20","1,289.30","1,289.30",102
GC=F,"Jan 08, 2019","1,280.50","1,283.20","1,278.20","1,283.20","1,283.20",54
GC=F,"Jan 07, 2019","1,286.80","1,286.80","1,286.60","1,286.80","1,286.80",2
GC=F,"Jan 04, 2019","1,294.20","1,294.20","1,275.30","1,282.70","1,282.70",34
GC=F,"Jan 03, 2019","1,286.80","1,292.00","1,286.70","1,291.80","1,291.80",10
GC=F,"Jan 02, 2019","1,286.00","1,286.00","1,277.60","1,281.00","1,281.00",149
GC=F,"Dec 31, 2018","1,278.00","1,281.30","1,277.60","1,278.30","1,278.30",19
GC=F,"Dec 28, 2018","1,273.50","1,280.10","1,273.50","1,279.90","1,279.90",805
GC=F,"Dec 27, 2018","1,276.70","1,277.30","1,276.70","1,277.30","1,277.30",480
GC=F,"Dec 26, 2018","1,269.30","1,277.40","1,269.20","1,269.20","1,269.20",63
GC=F,"Dec 24, 2018","1,260.30","1,268.50","1,260.30","1,267.50","1,267.50",27
GC=F,"Dec 21, 2018","1,260.30","1,261.30","1,253.80","1,253.80","1,253.80",96
GC=F,"Dec 20, 2018","1,243.20","1,263.60","1,243.20","1,263.60","1,263.60",49
GC=F,"Dec 19, 2018","1,255.80","1,255.80","1,252.10","1,252.10","1,252.10",268
GC=F,"Dec 18, 2018","1,248.20","1,249.20","1,245.60","1,249.20","1,249.20",31
GC=F,"Dec 17, 2018","1,239.30","1,247.40","1,239.30","1,247.40","1,247.40",10
GC=F,"Dec 14, 2018","1,241.70","1,241.70","1,234.10","1,237.00","1,237.00",33
GC=F,"Dec 13, 2018","1,243.50","1,243.50","1,241.00","1,242.70","1,242.70",194
GC=F,"Dec 12, 2018","1,245.30","1,245.60","1,244.10","1,244.40","1,244.40",84
GC=F,"Dec 11, 2018","1,245.80","1,248.70","1,241.50","1,241.90","1,241.90",117
GC=F,"Dec 10, 2018","1,249.60","1,249.60","1,241.70","1,243.70","1,243.70",131
GC=F,"Dec 07, 2018","1,238.30","1,249.80","1,237.60","1,246.80","1,246.80",211
GC=F,"Dec 06, 2018","1,237.50","1,244.40","1,234.80","1,238.10","1,238.10",434
GC=F,"Dec 04, 2018","1,231.00","1,241.40","1,230.40","1,241.10","1,241.10",474
GC=F,"Dec 03, 2018","1,222.50","1,234.10","1,221.30","1,233.90","1,233.90",751
GC=F,"Nov 30, 2018","1,224.10","1,225.00","1,216.10","1,220.20","1,220.20","2,060"
GC=F,"Nov 29, 2018","1,221.00","1,228.70","1,220.50","1,224.10","1,224.10","55,478"
GC=F,"Nov 28, 2018","1,211.50","1,221.40","1,211.50","1,221.40","1,221.40","247,168"
GC=F,"Nov 27, 2018","1,221.90","1,222.00","1,211.20","1,211.20","1,211.20",5
GC=F,"Nov 26, 2018","1,220.20","1,222.00","1,220.20","1,220.20","1,220.20",2
GC=F,"Nov 23, 2018","1,224.80","1,224.80","1,221.00","1,221.00","1,221.00",1
GC=F,"Nov 21, 2018","1,225.80","1,225.80","1,225.80","1,225.80","1,225.80",-
GC=F,"Nov 20, 2018","1,225.30","1,228.80","1,219.00","1,219.00","1,219.00",12
GC=F,"Nov 19, 2018","1,223.10","1,223.10","1,223.10","1,223.10","1,223.10",-
GC=F,"Nov 16, 2018","1,216.70","1,223.80","1,216.70","1,220.80","1,220.80",5
GC=F,"Nov 15, 2018","1,212.80","1,212.80","1,212.80","1,212.80","1,212.80",-
GC=F,"Nov 14, 2018","1,207.90","1,207.90","1,207.90","1,207.90","1,207.90",-
GC=F,"Nov 13, 2018","1,196.30","1,201.30","1,196.30","1,199.20","1,199.20",5
GC=F,"Nov 12, 2018","1,201.60","1,201.60","1,201.30","1,201.30","1,201.30",1
GC=F,"Nov 09, 2018","1,207.90","1,207.90","1,206.40","1,206.40","1,206.40",14
GC=F,"Nov 08, 2018","1,222.90","1,222.90","1,222.90","1,222.90","1,222.90",2
GC=F,"Nov 07, 2018","1,228.60","1,228.60","1,226.20","1,226.20","1,226.20",1
GC=F,"Nov 06, 2018","1,230.70","1,233.80","1,223.80","1,223.80","1,223.80",4
GC=F,"Nov 05, 2018","1,230.60","1,231.50","1,226.70","1,229.80","1,229.80",15
GC=F,"Nov 01, 2018","1,233.30","1,233.30","1,230.90","1,230.90","1,230.90",18
GC=F,"Oct 31, 2018","1,215.40","1,236.00","1,215.40","1,236.00","1,236.00",14
symbol,date,open,high,low,close,adjusted_close,volume
GC=F,"Oct 30, 2018","1,216.00","1,216.60","1,212.00","1,212.30","1,212.30",121
GC=F,"Oct 29, 2018","1,227.70","1,227.70","1,219.80","1,222.60","1,222.60",72
GC=F,"Oct 28, 2018","1,224.50","1,224.50","1,224.50","1,224.50","1,224.50",214
GC=F,"Oct 25, 2018","1,234.30","1,234.80","1,232.50","1,232.50","1,232.50",20
GC=F,"Oct 24, 2018","1,238.60","1,238.60","1,229.10","1,229.10","1,229.10",7
GC=F,"Oct 23, 2018","1,231.60","1,231.60","1,227.80","1,227.80","1,227.80",36
GC=F,"Oct 22, 2018","1,224.80","1,237.80","1,224.80","1,233.40","1,233.40",33
GC=F,"Oct 21, 2018","1,224.50","1,224.50","1,219.60","1,221.20","1,221.20",18
GC=F,"Oct 18, 2018","1,225.30","1,225.30","1,225.30","1,225.30","1,225.30",55
GC=F,"Oct 17, 2018","1,226.50","1,226.50","1,226.50","1,226.50","1,226.50",165
GC=F,"Oct 16, 2018","1,225.90","1,225.90","1,223.70","1,223.70","1,223.70",1
GC=F,"Oct 15, 2018","1,227.10","1,230.50","1,227.10","1,227.30","1,227.30",426
GC=F,"Oct 14, 2018","1,222.40","1,232.30","1,222.40","1,226.40","1,226.40",136
GC=F,"Oct 11, 2018","1,221.60","1,221.60","1,216.00","1,218.10","1,218.10",122
GC=F,"Oct 10, 2018","1,198.10","1,224.60","1,196.30","1,223.50","1,223.50",126
GC=F,"Oct 09, 2018","1,189.30","1,192.00","1,189.30","1,189.30","1,189.30","1,078"
GC=F,"Oct 08, 2018","1,185.60","1,189.10","1,185.60","1,187.20","1,187.20",9
GC=F,"Oct 07, 2018","1,201.00","1,201.00","1,183.70","1,184.40","1,184.40",250
GC=F,"Oct 04, 2018","1,197.10","1,205.30","1,196.90","1,201.20","1,201.20",34
GC=F,"Oct 03, 2018","1,199.30","1,204.60","1,197.20","1,197.20","1,197.20",496
GC=F,"Oct 02, 2018","1,202.60","1,202.60","1,196.60","1,198.30","1,198.30",76
GC=F,"Oct 01, 2018","1,193.00","1,206.00","1,190.30","1,202.40","1,202.40",451
GC=F,"Sep 30, 2018","1,191.60","1,191.60","1,185.80","1,187.10","1,187.10",180
GC=F,"Sep 27, 2018","1,181.70","1,191.90","1,180.00","1,191.50","1,191.50",404
GC=F,"Sep 26, 2018","1,194.60","1,197.30","1,180.50","1,182.30","1,182.30","4,947"
GC=F,"Sep 25, 2018","1,194.00","1,194.00","1,194.00","1,194.00","1,194.00","17,857"
GC=F,"Sep 24, 2018","1,202.10","1,202.80","1,200.00","1,200.00","1,200.00",21
GC=F,"Sep 23, 2018","1,199.30","1,199.30","1,199.30","1,199.30","1,199.30",-
GC=F,"Sep 20, 2018","1,196.20","1,196.20","1,196.20","1,196.20","1,196.20",-
GC=F,"Sep 19, 2018","1,206.20","1,206.20","1,206.20","1,206.20","1,206.20",-
GC=F,"Sep 18, 2018","1,202.20","1,202.20","1,202.20","1,202.20","1,202.20",-
GC=F,"Sep 17, 2018","1,198.70","1,198.70","1,196.80","1,196.80","1,196.80",2
GC=F,"Sep 16, 2018","1,199.70","1,199.70","1,199.70","1,199.70","1,199.70",-
GC=F,"Sep 13, 2018","1,195.00","1,195.00","1,195.00","1,195.00","1,195.00",1
GC=F,"Sep 12, 2018","1,203.40","1,203.40","1,200.00","1,202.00","1,202.00",22
GC=F,"Sep 11, 2018","1,205.00","1,205.00","1,204.70","1,204.70","1,204.70",37
GC=F,"Sep 10, 2018","1,190.40","1,196.30","1,190.40","1,195.40","1,195.40",21
GC=F,"Sep 09, 2018","1,193.00","1,193.00","1,193.00","1,193.00","1,193.00",11
GC=F,"Sep 06, 2018","1,198.30","1,198.30","1,193.10","1,193.60","1,193.60",29
GC=F,"Sep 05, 2018","1,202.00","1,202.00","1,197.90","1,197.90","1,197.90",7
GC=F,"Sep 04, 2018","1,192.50","1,196.00","1,192.50","1,194.90","1,194.90",21
GC=F,"Sep 03, 2018","1,193.80","1,193.80","1,189.90","1,192.70","1,192.70",26
GC=F,"Aug 30, 2018","1,207.10","1,208.20","1,199.10","1,200.30","1,200.30",191
GC=F,"Aug 29, 2018","1,205.40","1,205.60","1,196.00","1,197.70","1,197.70",493
GC=F,"Aug 28, 2018","1,205.20","1,205.20","1,202.40","1,204.50","1,204.50",817
GC=F,"Aug 27, 2018","1,209.70","1,217.00","1,202.30","1,207.40","1,207.40",136
GC=F,"Aug 26, 2018","1,210.30","1,211.40","1,205.20","1,209.00","1,209.00",154
GC=F,"Aug 23, 2018","1,185.30","1,208.00","1,185.30","1,206.30","1,206.30",12
GC=F,"Aug 22, 2018","1,189.30","1,190.30","1,184.90","1,187.00","1,187.00",95
GC=F,"Aug 21, 2018","1,194.70","1,196.30","1,194.70","1,196.30","1,196.30",17
GC=F,"Aug 20, 2018","1,189.80","1,192.60","1,189.80","1,192.60","1,192.60",22
GC=F,"Aug 19, 2018","1,184.80","1,190.00","1,184.40","1,186.80","1,186.80",68
GC=F,"Aug 16, 2018","1,174.70","1,181.20","1,174.70","1,176.50","1,176.50",66
GC=F,"Aug 15, 2018","1,173.20","1,180.20","1,161.40","1,176.20","1,176.20",123
GC=F,"Aug 14, 2018","1,187.80","1,188.10","1,174.60","1,177.50","1,177.50",71
GC=F,"Aug 13, 2018","1,193.10","1,197.50","1,192.80","1,193.00","1,193.00",92
GC=F,"Aug 12, 2018","1,207.00","1,207.40","1,191.30","1,191.30","1,191.30",78
GC=F,"Aug 09, 2018","1,212.50","1,216.40","1,205.60","1,211.10","1,211.10",75
GC=F,"Aug 08, 2018","1,214.50","1,215.30","1,211.60","1,211.90","1,211.90",44
GC=F,"Aug 07, 2018","1,212.00","1,215.20","1,205.90","1,212.60","1,212.60",209
GC=F,"Aug 06, 2018","1,207.80","1,214.80","1,207.80","1,209.60","1,209.60",715
GC=F,"Aug 05, 2018","1,214.40","1,214.40","1,206.60","1,208.60","1,208.60",297
GC=F,"Aug 02, 2018","1,206.50","1,218.60","1,205.10","1,214.20","1,214.20",784
GC=F,"Aug 01, 2018","1,214.70","1,219.30","1,205.80","1,210.60","1,210.60",411
GC=F,"Jul 31, 2018","1,222.90","1,223.70","1,214.40","1,217.90","1,217.90","1,026"
GC=F,"Jul 30, 2018","1,220.40","1,228.10","1,213.00","1,223.70","1,223.70","2,722"
GC=F,"Jul 29, 2018","1,222.50","1,223.90","1,218.10","1,221.30","1,221.30","62,239"
GC=F,"Jul 26, 2018","1,222.60","1,222.60","1,222.60","1,222.60","1,222.60","254,428"
GC=F,"Jul 25, 2018","1,227.80","1,227.80","1,225.30","1,225.30","1,225.30",1
GC=F,"Jul 24, 2018","1,231.40","1,231.40","1,231.40","1,231.40","1,231.40",-
GC=F,"Jul 23, 2018","1,223.90","1,223.90","1,223.90","1,223.90","1,223.90",-
GC=F,"Jul 22, 2018","1,222.00","1,224.00","1,222.00","1,224.00","1,224.00",1
GC=F,"Jul 19, 2018","1,229.50","1,229.50","1,229.50","1,229.50","1,229.50",-
GC=F,"Jul 18, 2018","1,227.20","1,228.00","1,211.70","1,222.40","1,222.40",33
GC=F,"Jul 17, 2018","1,226.70","1,226.70","1,222.20","1,226.30","1,226.30",67
GC=F,"Jul 16, 2018","1,225.70","1,225.70","1,225.70","1,225.70","1,225.70",-
GC=F,"Jul 15, 2018","1,242.70","1,243.80","1,238.10","1,238.10","1,238.10",2
GC=F,"Jul 12, 2018","1,244.70","1,247.00","1,239.60","1,239.60","1,239.60",2
GC=F,"Jul 11, 2018","1,240.90","1,246.70","1,240.90","1,245.00","1,245.00",7
GC=F,"Jul 10, 2018","1,253.20","1,253.20","1,242.80","1,242.80","1,242.80",30
GC=F,"Jul 09, 2018","1,256.20","1,256.90","1,249.30","1,253.80","1,253.80",65
GC=F,"Jul 08, 2018","1,258.20","1,262.30","1,257.70","1,258.10","1,258.10",37
GC=F,"Jul 05, 2018","1,255.50","1,255.50","1,254.30","1,254.30","1,254.30",7
GC=F,"Jul 04, 2018","1,255.50","1,257.30","1,253.60","1,257.30","1,257.30",9
GC=F,"Jul 03, 2018","1,238.10","1,254.10","1,237.00","1,251.60","1,251.60",36
GC=F,"Jul 01, 2018","1,249.90","1,249.90","1,239.80","1,239.80","1,239.80",29
GC=F,"Jun 28, 2018","1,250.30","1,253.30","1,249.10","1,251.30","1,251.30",48
GC=F,"Jun 27, 2018","1,251.70","1,251.70","1,244.80","1,247.80","1,247.80",378
GC=F,"Jun 26, 2018","1,255.50","1,255.50","1,252.30","1,252.80","1,252.80","1,162"
GC=F,"Jun 25, 2018","1,267.20","1,267.20","1,256.60","1,256.60","1,256.60",89
GC=F,"Jun 24, 2018","1,270.60","1,271.20","1,265.60","1,265.60","1,265.60",37
GC=F,"Jun 21, 2018","1,268.10","1,270.20","1,267.00","1,267.40","1,267.40",74
GC=F,"Jun 20, 2018","1,262.70","1,268.90","1,260.00","1,267.20","1,267.20",46
GC=F,"Jun 19, 2018","1,274.40","1,274.40","1,271.20","1,271.20","1,271.20",7
GC=F,"Jun 18, 2018","1,278.70","1,281.80","1,269.90","1,275.60","1,275.60",34
GC=F,"Jun 17, 2018","1,280.70","1,280.70","1,276.20","1,276.20","1,276.20",35
GC=F,"Jun 14, 2018","1,297.20","1,307.70","1,274.00","1,274.60","1,274.60",589
GC=F,"Jun 13, 2018","1,297.20","1,307.70","1,297.20","1,304.00","1,304.00",42
GC=F,"Jun 12, 2018","1,294.00","1,299.40","1,290.90","1,296.90","1,296.90",135
symbol,date,open,high,low,close,adjusted_close,volume
GC=F,"Jun 11, 2018","1,297.80","1,298.10","1,292.70","1,295.10","1,295.10",153
GC=F,"Jun 10, 2018","1,299.30","1,302.00","1,295.20","1,298.90","1,298.90",71
GC=F,"Jun 07, 2018","1,295.30","1,299.40","1,294.80","1,298.10","1,298.10",650
GC=F,"Jun 06, 2018","1,298.40","1,302.80","1,296.20","1,298.70","1,298.70",79
GC=F,"Jun 05, 2018","1,296.10","1,300.40","1,294.10","1,297.10","1,297.10",373
GC=F,"Jun 04, 2018","1,292.10","1,299.80","1,289.90","1,297.50","1,297.50",357
GC=F,"Jun 03, 2018","1,293.90","1,297.10","1,290.00","1,293.10","1,293.10",144
GC=F,"May 31, 2018","1,298.60","1,299.50","1,288.90","1,294.80","1,294.80",663
GC=F,"May 30, 2018","1,301.00","1,306.80","1,296.60","1,300.10","1,300.10","4,082"
GC=F,"May 29, 2018","1,298.00","1,303.70","1,295.20","1,301.50","1,301.50","50,845"
GC=F,"May 28, 2018","1,298.70","1,298.70","1,298.70","1,298.70","1,298.70","386,334"
GC=F,"May 24, 2018","1,303.30","1,303.30","1,303.30","1,303.30","1,303.30",1
GC=F,"May 23, 2018","1,303.70","1,303.70","1,303.70","1,303.70","1,303.70",-
GC=F,"May 22, 2018","1,289.30","1,289.30","1,289.30","1,289.30","1,289.30",10
GC=F,"May 21, 2018","1,291.70","1,291.70","1,291.70","1,291.70","1,291.70",50
GC=F,"May 20, 2018","1,287.40","1,292.10","1,287.40","1,290.20","1,290.20",52
GC=F,"May 17, 2018","1,285.20","1,290.20","1,285.20","1,290.20","1,290.20",2
GC=F,"May 16, 2018","1,291.30","1,291.30","1,288.20","1,288.20","1,288.20",2
GC=F,"May 15, 2018","1,290.90","1,294.00","1,285.40","1,290.20","1,290.20",26
GC=F,"May 14, 2018","1,304.60","1,304.70","1,288.90","1,288.90","1,288.90",8
GC=F,"May 13, 2018","1,319.90","1,319.90","1,316.50","1,316.50","1,316.50",4
GC=F,"May 10, 2018","1,319.00","1,319.00","1,319.00","1,319.00","1,319.00",3
GC=F,"May 09, 2018","1,312.20","1,320.80","1,312.20","1,320.80","1,320.80",8
GC=F,"May 08, 2018","1,311.30","1,311.30","1,311.30","1,311.30","1,311.30",70
GC=F,"May 07, 2018","1,310.10","1,312.00","1,308.50","1,312.00","1,312.00",337
GC=F,"May 06, 2018","1,310.60","1,312.50","1,310.20","1,312.20","1,312.20",4
GC=F,"May 03, 2018","1,312.70","1,312.70","1,312.70","1,312.70","1,312.70",-
GC=F,"May 02, 2018","1,310.70","1,310.70","1,310.70","1,310.70","1,310.70",4
GC=F,"May 01, 2018","1,309.00","1,309.30","1,302.60","1,302.60","1,302.60",23
GC=F,"Apr 30, 2018","1,313.20","1,313.80","1,303.40","1,303.80","1,303.80",28
GC=F,"Apr 29, 2018","1,309.60","1,316.20","1,309.60","1,316.20","1,316.20",49
GC=F,"Apr 26, 2018","1,315.30","1,321.70","1,312.80","1,320.30","1,320.30",622
GC=F,"Apr 25, 2018","1,315.70","1,316.30","1,315.70","1,316.30","1,316.30",569
GC=F,"Apr 24, 2018","1,324.00","1,325.00","1,320.00","1,321.20","1,321.20",278
GC=F,"Apr 23, 2018","1,326.40","1,331.70","1,326.20","1,331.40","1,331.40",28
GC=F,"Apr 22, 2018","1,334.00","1,334.40","1,322.50","1,322.50","1,322.50",68
GC=F,"Apr 19, 2018","1,342.50","1,343.40","1,335.30","1,336.70","1,336.70",310
GC=F,"Apr 18, 2018","1,348.60","1,355.20","1,341.60","1,346.80","1,346.80",387
GC=F,"Apr 17, 2018","1,343.50","1,354.20","1,343.50","1,351.20","1,351.20",45
GC=F,"Apr 16, 2018","1,348.00","1,348.10","1,339.00","1,347.20","1,347.20",409
GC=F,"Apr 15, 2018","1,341.00","1,348.80","1,341.00","1,347.50","1,347.50",60
GC=F,"Apr 12, 2018","1,335.90","1,346.00","1,335.90","1,344.80","1,344.80",67
GC=F,"Apr 11, 2018","1,351.20","1,351.50","1,334.60","1,338.40","1,338.40",34
GC=F,"Apr 10, 2018","1,340.10","1,365.40","1,340.10","1,356.50","1,356.50",118
GC=F,"Apr 09, 2018","1,335.20","1,342.00","1,333.00","1,342.00","1,342.00",105
GC=F,"Apr 08, 2018","1,333.00","1,337.50","1,327.00","1,336.30","1,336.30",290
GC=F,"Apr 05, 2018","1,326.50","1,333.00","1,319.00","1,331.90","1,331.90",348
GC=F,"Apr 04, 2018","1,333.50","1,333.70","1,322.60","1,324.30","1,324.30",258
GC=F,"Apr 03, 2018","1,331.80","1,347.30","1,331.60","1,335.80","1,335.80",718
GC=F,"Apr 02, 2018","1,340.40","1,341.50","1,328.50","1,332.80","1,332.80",702
GC=F,"Apr 01, 2018","1,327.00","1,344.20","1,324.70","1,342.10","1,342.10",649
GC=F,"Mar 28, 2018","1,324.00","1,327.10","1,321.70","1,322.80","1,322.80","5,585"
GC=F,"Mar 27, 2018","1,345.00","1,346.40","1,322.40","1,324.20","1,324.20","59,284"
GC=F,"Mar 26, 2018","1,341.00","1,341.30","1,341.00","1,341.30","1,341.30","290,889"
GC=F,"Mar 25, 2018","1,348.50","1,354.40","1,345.10","1,354.40","1,354.40",10
GC=F,"Mar 22, 2018","1,343.20","1,349.30","1,343.20","1,349.30","1,349.30",8
GC=F,"Mar 21, 2018","1,326.60","1,326.60","1,326.60","1,326.60","1,326.60",-
GC=F,"Mar 20, 2018","1,312.40","1,328.80","1,312.40","1,320.70","1,320.70",34
GC=F,"Mar 19, 2018","1,311.10","1,311.10","1,311.10","1,311.10","1,311.10",4
GC=F,"Mar 18, 2018","1,309.40","1,316.90","1,307.30","1,316.80","1,316.80",6
GC=F,"Mar 15, 2018","1,310.10","1,311.30","1,310.10","1,311.30","1,311.30",34
GC=F,"Mar 14, 2018","1,316.80","1,316.80","1,316.80","1,316.80","1,316.80",-
GC=F,"Mar 13, 2018","1,322.20","1,324.40","1,322.20","1,324.40","1,324.40",19
GC=F,"Mar 12, 2018","1,325.90","1,325.90","1,325.30","1,325.90","1,325.90",13
GC=F,"Mar 11, 2018","1,319.40","1,319.40","1,319.40","1,319.40","1,319.40",-
GC=F,"Mar 09, 2018","1,316.80","1,322.40","1,313.00","1,322.40","1,322.40",88
GC=F,"Mar 08, 2018","1,324.80","1,326.80","1,319.30","1,319.90","1,319.90",62
GC=F,"Mar 07, 2018","1,338.10","1,338.10","1,326.00","1,326.00","1,326.00",27
GC=F,"Mar 06, 2018","1,321.60","1,333.60","1,321.40","1,333.60","1,333.60",18
GC=F,"Mar 05, 2018","1,323.50","1,325.90","1,318.10","1,318.10","1,318.10",18
GC=F,"Mar 02, 2018","1,314.30","1,323.20","1,314.30","1,321.10","1,321.10",155
GC=F,"Mar 01, 2018","1,310.40","1,318.10","1,301.80","1,302.90","1,302.90",43
GC=F,"Feb 28, 2018","1,315.40","1,321.00","1,315.40","1,315.50","1,315.50",58
GC=F,"Feb 27, 2018","1,331.70","1,332.60","1,312.70","1,315.50","1,315.50",710
GC=F,"Feb 26, 2018","1,335.00","1,340.50","1,330.70","1,330.70","1,330.70",652
GC=F,"Feb 23, 2018","1,328.00","1,332.10","1,327.70","1,328.20","1,328.20",427
GC=F,"Feb 22, 2018","1,322.00","1,331.40","1,322.00","1,330.60","1,330.60",70
GC=F,"Feb 21, 2018","1,326.80","1,331.50","1,324.40","1,330.00","1,330.00",119
GC=F,"Feb 20, 2018","1,348.40","1,350.20","1,328.50","1,328.80","1,328.80",283
GC=F,"Feb 16, 2018","1,354.00","1,361.40","1,344.90","1,353.20","1,353.20",110
GC=F,"Feb 15, 2018","1,352.00","1,355.90","1,349.70","1,352.10","1,352.10",111
GC=F,"Feb 14, 2018","1,332.80","1,355.50","1,324.00","1,355.50","1,355.50",400
GC=F,"Feb 13, 2018","1,324.50","1,329.60","1,323.40","1,328.10","1,328.10",71
GC=F,"Feb 12, 2018","1,323.80","1,325.50","1,318.00","1,324.20","1,324.20",140
GC=F,"Feb 09, 2018","1,320.90","1,322.00","1,311.90","1,313.10","1,313.10",451
GC=F,"Feb 08, 2018","1,317.10","1,321.10","1,307.00","1,316.90","1,316.90",459
GC=F,"Feb 07, 2018","1,325.40","1,331.10","1,310.50","1,311.60","1,311.60",491
GC=F,"Feb 06, 2018","1,338.20","1,343.70","1,319.50","1,326.10","1,326.10",529
GC=F,"Feb 05, 2018","1,331.10","1,340.20","1,329.00","1,333.00","1,333.00",641
GC=F,"Feb 02, 2018","1,348.50","1,352.10","1,327.70","1,333.70","1,333.70","2,841"
GC=F,"Feb 01, 2018","1,343.80","1,350.60","1,336.80","1,344.30","1,344.30","1,680"
GC=F,"Jan 31, 2018","1,337.50","1,346.90","1,331.80","1,339.00","1,339.00","4,881"
GC=F,"Jan 30, 2018","1,338.70","1,347.80","1,332.80","1,335.40","1,335.40","52,100"
GC=F,"Jan 29, 2018",-,-,-,-,-,-
GC=F,"Jan 26, 2018","1,351.60","1,352.00","1,350.90","1,351.60","1,351.60","280,546"
GC=F,"Jan 25, 2018","1,356.30","1,362.40","1,346.70","1,362.40","1,362.40",4
GC=F,"Jan 24, 2018","1,355.90","1,357.20","1,355.90","1,355.90","1,355.90",18
GC=F,"Jan 23, 2018","1,335.80","1,335.90","1,335.70","1,335.70","1,335.70",47
symbol,date,open,high,low,close,adjusted_close,volume
GC=F,"Jan 22, 2018","1,328.40","1,330.90","1,328.40","1,330.90","1,330.90",162
GC=F,"Jan 19, 2018","1,330.10","1,333.00","1,330.10","1,331.90","1,331.90",50
GC=F,"Jan 18, 2018","1,328.90","1,328.90","1,326.00","1,326.00","1,326.00",211
GC=F,"Jan 17, 2018","1,334.40","1,338.00","1,326.80","1,338.00","1,338.00",27
GC=F,"Jan 16, 2018","1,331.10","1,335.40","1,331.00","1,335.40","1,335.40",13
GC=F,"Jan 12, 2018","1,327.80","1,338.20","1,327.80","1,333.40","1,333.40",14
GC=F,"Jan 11, 2018","1,317.10","1,320.60","1,316.30","1,320.60","1,320.60",9
GC=F,"Jan 10, 2018","1,320.30","1,320.70","1,315.30","1,317.40","1,317.40",70
GC=F,"Jan 09, 2018","1,309.60","1,311.70","1,309.60","1,311.70","1,311.70",16
GC=F,"Jan 08, 2018","1,319.90","1,319.90","1,314.60","1,318.60","1,318.60",41
GC=F,"Jan 05, 2018","1,320.30","1,320.30","1,320.30","1,320.30","1,320.30",1
GC=F,"Jan 04, 2018","1,319.40","1,322.00","1,319.40","1,319.40","1,319.40",2
GC=F,"Jan 03, 2018","1,320.00","1,320.10","1,312.10","1,316.20","1,316.20",42
GC=F,"Jan 02, 2018","1,302.30","1,317.60","1,302.30","1,313.70","1,313.70",68
GC=F,"Dec 29, 2017","1,294.20","1,306.30","1,294.00","1,306.30","1,306.30",65
GC=F,"Dec 28, 2017","1,288.20","1,294.10","1,288.20","1,294.10","1,294.10",245
GC=F,"Dec 27, 2017","1,284.00","1,287.00","1,284.00","1,287.00","1,287.00",456
GC=F,"Dec 26, 2017","1,282.40","1,284.10","1,281.80","1,284.10","1,284.10",84
GC=F,"Dec 22, 2017","1,266.30","1,276.30","1,266.30","1,275.40","1,275.40",119
GC=F,"Dec 21, 2017","1,266.40","1,267.40","1,264.30","1,267.30","1,267.30",226
GC=F,"Dec 20, 2017","1,261.30","1,266.60","1,261.30","1,266.10","1,266.10",63
GC=F,"Dec 19, 2017","1,261.10","1,264.30","1,259.50","1,260.70","1,260.70",329
GC=F,"Dec 18, 2017","1,256.20","1,262.40","1,255.70","1,262.20","1,262.20",45
GC=F,"Dec 15, 2017","1,253.10","1,260.30","1,253.10","1,254.30","1,254.30",578
GC=F,"Dec 14, 2017","1,252.90","1,257.70","1,250.30","1,253.80","1,253.80",139
GC=F,"Dec 13, 2017","1,241.90","1,254.50","1,239.80","1,245.40","1,245.40",349
GC=F,"Dec 12, 2017","1,241.30","1,244.40","1,236.50","1,238.50","1,238.50",692
GC=F,"Dec 11, 2017","1,248.40","1,249.20","1,239.90","1,243.70","1,243.70",146
GC=F,"Dec 08, 2017","1,246.30","1,249.30","1,241.50","1,245.20","1,245.20",157
GC=F,"Dec 07, 2017","1,262.30","1,262.40","1,243.90","1,249.80","1,249.80",358
GC=F,"Dec 06, 2017","1,264.90","1,267.80","1,261.60","1,262.80","1,262.80",373
GC=F,"Dec 05, 2017","1,275.40","1,275.80","1,260.00","1,261.60","1,261.60","1,499"
GC=F,"Dec 04, 2017","1,272.50","1,276.10","1,270.30","1,274.30","1,274.30",850
GC=F,"Dec 01, 2017","1,274.10","1,288.60","1,271.00","1,278.80","1,278.80",823
GC=F,"Nov 30, 2017","1,283.10","1,284.50","1,269.70","1,273.20","1,273.20","3,049"
GC=F,"Nov 29, 2017","1,293.40","1,296.20","1,281.10","1,282.10","1,282.10","47,244"
GC=F,"Nov 28, 2017","1,294.70","1,294.70","1,294.70","1,294.70","1,294.70","275,442"
GC=F,"Nov 27, 2017","1,293.80","1,293.80","1,293.80","1,293.80","1,293.80",1
GC=F,"Nov 24, 2017","1,286.70","1,286.70","1,286.70","1,286.70","1,286.70",-
GC=F,"Nov 22, 2017","1,284.70","1,291.60","1,282.90","1,291.60","1,291.60",4
GC=F,"Nov 21, 2017","1,281.10","1,281.10","1,281.10","1,281.10","1,281.10",4
GC=F,"Nov 20, 2017","1,274.60","1,275.90","1,274.60","1,274.60","1,274.60",1
GC=F,"Nov 17, 2017","1,288.30","1,295.80","1,288.30","1,295.80","1,295.80",1
GC=F,"Nov 16, 2017","1,277.50","1,277.50","1,277.40","1,277.40","1,277.40",43
GC=F,"Nov 15, 2017","1,281.40","1,284.70","1,275.90","1,276.50","1,276.50",13
GC=F,"Nov 14, 2017","1,276.90","1,281.50","1,276.90","1,281.50","1,281.50",4
GC=F,"Nov 13, 2017","1,277.30","1,277.30","1,277.00","1,277.30","1,277.30",3
GC=F,"Nov 10, 2017","1,283.50","1,283.50","1,272.40","1,272.40","1,272.40",10
GC=F,"Nov 09, 2017","1,279.70","1,286.90","1,279.70","1,285.60","1,285.60",18
GC=F,"Nov 08, 2017","1,275.90","1,284.90","1,274.70","1,281.60","1,281.60",15
GC=F,"Nov 07, 2017","1,276.80","1,276.80","1,270.40","1,273.70","1,273.70",11
GC=F,"Nov 06, 2017","1,269.00","1,280.50","1,269.00","1,279.40","1,279.40",128
GC=F,"Nov 02, 2017","1,265.30","1,267.90","1,265.30","1,266.50","1,266.50",75
GC=F,"Nov 01, 2017","1,274.90","1,274.90","1,274.90","1,274.90","1,274.90",70
GC=F,"Oct 31, 2017","1,272.20","1,274.80","1,270.30","1,274.10","1,274.10",78
GC=F,"Oct 30, 2017","1,273.10","1,274.60","1,266.10","1,267.00","1,267.00",235
GC=F,"Oct 29, 2017","1,270.00","1,274.10","1,267.90","1,274.10","1,274.10",222
GC=F,"Oct 26, 2017","1,268.40","1,268.50","1,267.10","1,268.50","1,268.50",567
GC=F,"Oct 25, 2017","1,273.50","1,273.50","1,264.70","1,266.30","1,266.30",39
GC=F,"Oct 24, 2017","1,269.90","1,275.40","1,269.90","1,275.40","1,275.40",105
GC=F,"Oct 23, 2017","1,275.50","1,275.50","1,273.70","1,275.00","1,275.00",111
GC=F,"Oct 22, 2017","1,274.70","1,280.80","1,271.50","1,277.70","1,277.70",115
GC=F,"Oct 19, 2017","1,279.60","1,279.60","1,277.40","1,277.40","1,277.40",304
GC=F,"Oct 18, 2017","1,286.40","1,286.90","1,285.10","1,286.90","1,286.90",134
GC=F,"Oct 17, 2017","1,279.90","1,279.90","1,279.90","1,279.90","1,279.90",163
GC=F,"Oct 16, 2017","1,295.10","1,295.10","1,283.00","1,283.00","1,283.00",571
GC=F,"Oct 15, 2017","1,302.00","1,303.80","1,291.90","1,299.90","1,299.90",173
GC=F,"Oct 12, 2017","1,293.30","1,301.70","1,291.70","1,301.50","1,301.50",74
GC=F,"Oct 11, 2017","1,291.50","1,294.50","1,289.30","1,293.30","1,293.30",14
GC=F,"Oct 10, 2017","1,287.30","1,292.00","1,284.90","1,285.80","1,285.80",21
GC=F,"Oct 09, 2017","1,282.60","1,293.00","1,281.70","1,290.60","1,290.60",18
GC=F,"Oct 08, 2017","1,280.60","1,284.00","1,279.00","1,281.80","1,281.80",19
GC=F,"Oct 05, 2017","1,267.60","1,272.00","1,260.50","1,271.60","1,271.60",46
GC=F,"Oct 04, 2017","1,277.80","1,277.80","1,267.60","1,269.90","1,269.90",36
GC=F,"Oct 03, 2017","1,273.80","1,280.80","1,270.00","1,273.70","1,273.70",218
GC=F,"Oct 02, 2017","1,269.70","1,273.30","1,268.60","1,271.50","1,271.50",192
GC=F,"Oct 01, 2017","1,275.00","1,276.10","1,270.40","1,272.70","1,272.70",136
GC=F,"Sep 28, 2017","1,284.20","1,289.40","1,281.50","1,281.50","1,281.50",492
GC=F,"Sep 27, 2017","1,283.10","1,288.00","1,277.00","1,285.50","1,285.50","5,226"
GC=F,"Sep 26, 2017","1,283.40","1,283.40","1,283.40","1,283.40","1,283.40","19,488"
GC=F,"Sep 25, 2017","1,304.50","1,305.60","1,297.00","1,297.00","1,297.00",39
GC=F,"Sep 24, 2017","1,293.10","1,309.20","1,291.00","1,306.80","1,306.80",51
GC=F,"Sep 21, 2017","1,295.00","1,295.70","1,293.30","1,293.30","1,293.30",209
GC=F,"Sep 20, 2017","1,299.10","1,304.10","1,290.30","1,290.60","1,290.60",336
GC=F,"Sep 19, 2017","1,312.00","1,312.00","1,298.70","1,312.00","1,312.00",12
GC=F,"Sep 18, 2017","1,307.90","1,310.30","1,305.10","1,306.20","1,306.20",20
GC=F,"Sep 17, 2017","1,309.80","1,310.40","1,306.00","1,306.30","1,306.30",129
GC=F,"Sep 14, 2017","1,320.60","1,321.20","1,319.80","1,320.40","1,320.40",15
GC=F,"Sep 13, 2017","1,319.60","1,329.30","1,319.60","1,324.70","1,324.70",316
GC=F,"Sep 12, 2017","1,323.40","1,323.40","1,323.40","1,323.40","1,323.40",16
GC=F,"Sep 11, 2017","1,327.00","1,328.00","1,325.20","1,328.00","1,328.00",15
GC=F,"Sep 10, 2017","1,331.00","1,331.00","1,327.30","1,331.00","1,331.00",9
GC=F,"Sep 07, 2017","1,351.00","1,355.80","1,345.60","1,346.00","1,346.00",37
GC=F,"Sep 06, 2017","1,336.40","1,349.00","1,336.40","1,345.10","1,345.10",26
GC=F,"Sep 05, 2017","1,340.00","1,340.30","1,332.60","1,333.90","1,333.90",20
GC=F,"Sep 04, 2017","1,335.20","1,339.20","1,328.60","1,339.20","1,339.20",39
